1835 2040
1371 883
211 1094
710 635
668 57
452 1156
226 170
1069 1238
436 1455
1461 636
1400 851
1378 1355
152 1791
535 861
285 195
386 1135
536 1794
1638 1571
1834 1581
945 636
287 122
483 1361
1026 945
1532 1468
1122 1349
359 1365
1474 130
928 157
493 362
1014 1528
1248 538
1229 594
1458 1313
1084 1547
1762 1330
111 1474
595 1073
846 1367
383 297
1506 1746
155 1306
1579 1344
1701 465
112 330
406 509
1391 240
683 459
113 789
1206 401
850 142
529 1676
1693 961
1682 798
1413 1441
6 169
177 697
1447 1254
170 967
430 197
579 1138
378 1340
752 1811
823 1636
1489 813
776 337
133 127
540 637
824 1655
252 1635
677 1132
544 1376
1070 925
782 981
982 839
1600 463
339 1333
633 589
568 1738
429 1308
626 352
1061 603
274 163
1499 1182
1445 1541
924 611
1193 750
1215 170
1443 1194
612 171
1720 798
1019 1173
1043 1818
733 425
1602 230
31 387
139 920
44 109
132 1275
902 224
1346 652
1618 984
1634 45
864 1220
641 1385
1589 264
1404 25
408 621
1481 1808
218 1716
507 1147
1664 1418
1115 1319
879 831
265 532
420 1052
674 1341
1560 381
192 1275
1555 959
1623 352
477 344
680 1127
871 1189
1690 899
1093 1327
1111 334
467 1590
1758 1085
760 149
550 604
38 1306
1794 608
522 1586
256 582
1214 1459
351 66
46 1524
986 489
755 117
911 183
226 33
1164 1115
560 1002
1402 1006
90 22
893 425
730 326
1344 1013
1040 1495
708 381
166 804
356 313
760 584
779 326
781 1454
1633 645
601 822
1128 1099
359 1152
127 363
1443 1485
1367 756
343 1427
767 678
46 130
1350 401
317 58
1647 1744
178 1147
121 416
1498 786
1815 1001
924 721
767 1092
1612 1011
1279 1391
1340 224
1064 604
1115 173
1088 1365
1009 1566
1247 247
1737 715
600 1488
1459 819
451 285
1589 1585
1034 967
246 1519
401 227
641 368
742 634
828 247
1196 591
1065 885
1758 1563
1096 209
47 840
1475 160
1409 925
236 1392
639 1686
1450 1809
830 1340
39 1361
1125 455
1199 1833
720 1835
1041 1083
1677 954
720 1419
1347 436
973 1289
143 1349
1049 1659
793 140
1773 200
122 1492
1432 1204
271 1505
370 883
1311 949
109 1340
1729 26
501 377
441 478
1020 1579
15 1005
1109 1628
836 311
942 1474
1121 953
1371 275
439 572
1398 1113
858 390
966 61
1394 1495
5 1589
1577 1494
37 576
613 971
290 1207
1656 1131
1808 471
567 779
1029 512
398 1202
1493 1744
593 866
1798 1786
950 932
1326 1703
1587 1692
709 898
1328 684
1480 594
345 491
1833 807
432 1760
1167 720
1687 1761
408 1175
1561 811
1140 634
836 754
527 593
960 813
1374 1503
1488 609
1105 626
693 1264
398 969
1804 1587
82 1732
231 899
760 960
350 1563
1392 1629
741 234
431 1565
582 279
739 177
1335 426
1262 308
740 1341
165 122
1357 645
578 368
655 724
1127 905
817 1729
1513 860
1756 1637
281 488
713 1693
1473 845
1650 406
1799 1621
1632 532
484 552
278 1063
434 1208
729 852
1800 1724
100 22
2 1155
1826 325
250 1590
1334 1751
840 901
559 1190
445 540
1518 787
687 829
1343 897
128 1495
102 986
895 421
211 618
1443 363
1465 183
459 1079
257 1755
501 1431
1673 1223
181 122
1763 438
1419 1645
1395 60
167 1043
994 774
640 795
944 1315
315 731
1757 23
1325 499
1075 850
644 1751
486 661
1559 1063
860 397
220 173
1467 1023
1549 308
148 1692
1151 613
316 1554
1330 1752
684 782
981 845
1087 278
403 422
1740 452
1767 615
854 1513
1606 1024
630 392
1482 1636
1737 255
1516 132
1014 1342
1219 1034
1435 1211
1810 73
638 1072
11 914
939 543
72 343
110 224
1330 1015
531 810
1278 106
1681 626
825 635
965 1515
358 971
93 49
738 1361
217 889
1416 887
19 138
1231 1400
394 1138
245 1535
1002 1835
1754 1340
729 1006
419 875
686 281
559 1403
1697 1548
975 1458
1584 1776
1608 1473
477 986
1158 1003
1320 1261
1036 1205
1769 1638
658 1774
1722 1164
1281 592
405 1411
1457 272
67 1166
1416 910
1035 819
165 941
1727 726
736 443
929 981
531 634
389 1289
745 1414
614 1704
1690 1043
900 640
981 1759
1108 1381
969 1576
1288 1636
728 673
375 647
735 998
564 1776
234 734
503 409
908 1477
1604 630
1547 293
156 287
119 779
399 472
1812 1300
496 1173
1010 813
57 1552
1318 1372
1691 361
1722 11
739 931
943 1634
1228 633
1057 1365
1255 979
281 486
101 1622
605 804
93 1309
1269 452
473 347
1474 1692
820 1353
829 967
235 818
1726 721
1741 1258
340 539
1494 946
921 1435
956 923
767 303
1822 649
1167 1250
1442 1536
1257 501
800 1657
1583 471
1129 637
1355 1706
1636 853
1274 1675
232 278
71 622
1256 165
595 162
1122 561
1730 1544
1834 207
1624 1830
1153 442
1323 246
454 1695
195 1562
864 334
1023 979
1391 1779
1612 1068
1615 1692
1125 1495
1691 446
738 882
1282 1462
947 1240
1194 583
1764 1493
1346 1204
1136 1805
73 859
1511 1472
878 901
94 25
997 287
785 1645
644 839
383 1423
70 996
1183 61
1765 707
555 36
1802 1000
1062 813
1290 942
1646 1733
342 1354
1098 1151
145 1274
821 335
1355 464
1407 56
130 438
1137 1806
253 521
1730 286
1243 1038
1174 1679
1753 169
490 1099
639 937
977 885
1172 599
624 1258
1040 592
1136 645
172 876
610 337
196 602
432 1380
1313 1759
1545 1598
386 33
1574 1507
222 1571
626 1177
1700 1716
1343 1017
243 1271
131 568
1298 191
1771 1596
827 1590
510 574
1235 384
1079 1072
1354 110
260 147
954 709
1815 684
1780 496
1480 679
877 778
1828 1714
1686 359
886 977
963 1695
870 1205
59 1519
1800 360
1602 676
507 694
467 1790
699 253
1595 1474
3 377
1331 132
190 1168
261 1527
186 1489
607 1146
588 1645
1428 1529
1809 953
1504 366
673 1198
1699 1125
221 863
37 1562
542 1000
101 121
1483 799
497 609
1028 404
1537 611
1185 1099
988 685
1324 661
1307 1408
1101 794
1142 500
906 592
273 848
653 1533
69 953
337 397
44 335
293 720
225 1454
485 136
1684 457
1286 151
325 478
364 876
1730 135
645 1669
36 731
1291 898
456 1027
513 1738
223 1629
1086 1325
664 981
1554 391
923 1132
237 431
977 989
753 969
434 1729
485 402
532 731
206 1807
879 349
915 391
1393 373
1259 972
1236 1418
1205 1361
800 1615
1399 89
1417 537
114 386
803 1756
476 1195
151 783
502 656
411 1361
242 822
1130 582
100 251
124 1602
652 304
1813 715
1568 1439
650 422
732 219
1356 706
1422 1072
1713 306
1548 1781
1487 12
891 140
475 1264
1269 178
365 1433
572 411
264 1495
1106 341
291 695
905 272
1732 1249
76 1374
355 338
18 136
1766 849
464 209
21 1701
74 1287
1517 300
1831 1104
436 1537
690 300
83 330
1394 1421
1217 882
1599 312
1080 1402
320 1350
1440 1693
129 1474
485 1110
894 1750
1108 894
1195 438
69 937
852 813
1566 1253
820 187
651 45
181 1155
620 1125
904 1694
1358 1719
245 596
60 1226
515 1591
1108 137
1205 1759
403 724
1371 1082
1429 982
340 751
1304 209
1081 1135
744 332
1229 1569
1132 1515
1386 1264
1388 921
350 806
360 954
1406 637
862 1587
101 635
234 7
999 1219
1269 1191
80 482
1244 964
1748 288
754 1170
1526 967
812 63
25 193
1543 635
1734 262
65 566
1124 1048
613 925
571 852
200 1177
1251 751
1276 173
995 1245
608 1085
346 65
1814 42
587 962
1402 1154
654 427
227 1361
882 427
191 766
267 146
764 257
1742 1361
1000 1301
1260 1781
1261 1501
974 24
1332 958
465 939
96 630
884 1677
968 1816
205 108
1679 560
766 940
1787 1515
1420 388
368 33
1433 1635
1614 647
1295 646
317 1616
1384 1492
125 1027
1213 1770
528 1529
516 629
1229 218
1133 1522
1648 89
1689 1832
216 879
95 1182
258 1252
1008 1224
97 883
657 1412
1086 845
713 669
916 471
1317 1307
1491 525
920 1588
591 109
599 1423
1401 1072
450 1188
546 1327
1752 503
181 396
295 294
533 695
26 386
237 663
53 919
1078 924
1259 1573
321 1763
141 1146
1677 1503
1476 335
1534 1115
905 773
602 132
41 161
1165 569
1577 1282
1201 859
573 1059
984 772
1826 1466
440 1531
1121 1753
186 494
1176 1384
806 28
1760 1340
925 1637
282 528
1256 1054
745 811
459 1716
337 885
1561 130
1472 1662
450 87
1702 1430
437 1661
295 412
707 288
64 463
1420 1785
402 881
1573 407
1571 1617
916 619
1755 1189
1046 348
705 1660
1632 1095
1553 362
1449 132
762 1575
1037 1451
529 1015
1128 1280
574 224
209 1488
724 25
1253 426
1218 952
1040 354
680 345
391 409
483 681
911 858
458 1060
1832 1513
357 1806
1387 578
152 1079
1348 644
1508 1173
123 349
1031 410
1191 712
342 460
1521 1113
174 1110
1091 1030
468 950
211 1022
211 70
1827 102
1186 1685
1825 1693
1442 1022
611 1017
1387 307
249 391
1543 354
721 130
1248 1712
515 1041
1558 102
810 466
712 1580
570 914
367 1767
1383 828
343 1007
968 260
1174 590
1604 1530
1521 305
539 1125
580 213
817 48
1038 1761
639 1129
703 164
1823 1751
595 63
1531 1669
1221 1495
775 455
1780 1359
1234 1651
1362 1289
1433 170
540 1365
570 800
1200 330
1826 1830
1796 224
640 290
183 649
737 962
188 1551
435 436
1321 315
819 130
1099 475
1806 1399
866 201
1552 925
1643 607
494 772
1819 178
765 163
1420 1457
1490 887
869 345
1115 986
741 268
617 1306
1282 1615
392 786
443 26
1216 122
1302 1527
1691 1587
395 100
512 1385
188 1519
273 1276
1060 928
717 635
442 1275
1776 1322
1638 33
1429 1068
380 1048
1267 1187
1003 1097
1405 1254
33 478
5 917
1642 708
1580 1634
909 1182
190 32
688 762
749 70
123 357
1126 1604
1464 432
597 195
189 1637
409 109
571 606
323 1544
1102 750
792 578
312 36
709 1570
1100 1666
1418 866
1195 368
1273 294
814 1651
1244 675
596 309
260 874
424 194
1356 231
1045 1009
61 392
826 247
1311 1699
1000 1230
1436 1345
784 1374
1237 1419
1777 1766
698 897
1369 545
603 1130
439 348
77 953
601 1183
1491 694
1160 442
86 986
56 229
1053 863
256 290
1408 981
1762 417
1715 146
129 695
1132 461
1295 1202
1755 1569
208 541
120 929
758 1149
108 1458
1631 1339
478 201
623 420
1817 244
1711 417
920 1530
900 570
691 892
309 748
741 225
149 1485
188 287
230 279
1338 180
631 839
1376 1340
1469 731
214 1179
1698 437
300 566
1765 1127
261 368
1321 62
838 179
719 481
483 1329
1229 475
1184 148
425 746
1296 1329
84 204
1197 335
324 29
701 260
199 1753
16 1605
1005 259
1375 849
795 574
920 31
23 227
791 510
1662 425
1053 1190
983 1417
1719 654
1567 832
518 731
1039 1238
210 609
1674 922
372 695
1100 303
1694 813
117 1648
1747 1034
116 544
1703 1361
90 798
1056 389
282 1298
1496 341
327 1223
770 938
51 117
1097 779
146 851
1674 1366
373 457
1761 578
1048 86
1168 628
837 278
153 1472
115 961
958 854
88 42
1012 650
1294 883
1736 336
1521 456
839 333
707 888
1393 1041
1603 1292
711 142
12 188
56 397
1495 574
241 387
1312 860
583 142
1076 308
1705 985
1289 1232
885 943
1409 1828
1294 1583
734 1385
1051 1379
174 1073
1171 806
277 1566
988 911
1592 1729
1805 425
1370 169
1643 1698
197 1138
1142 669
1033 850
501 455
1217 1761
1525 414
534 541
660 1669
565 1129
879 1732
907 661
1278 839
537 538
890 170
702 166
253 1130
1047 1748
1165 1544
1607 1771
609 1418
1658 918
1524 888
1625 1254
1282 493
1437 368
722 1043
441 980
1803 1063
1149 1421
264 681
1665 1015
1611 578
471 833
959 489
1016 325
697 1299
382 922
582 853
1357 266
1157 407
289 1318
1620 1683
402 1422
878 1252
1783 341
596 1500
94 1735
719 1446
1022 1150
1048 1512
503 1590
1270 616
296 370
527 944
1329 519
203 1662
511 976
1176 815
1178 1738
569 308
1274 10
1308 107
150 59
1574 1728
1444 154
702 609
1485 891
1514 1197
331 1386
1597 1605
314 192
1337 1329
690 1659
1202 783
737 255
896 814
764 1555
825 1075
1267 736
251 231
162 386
448 1415
436 437
1825 244
1377 1541
1651 33
1014 481
723 873
734 1119
121 140
520 59
922 736
527 415
1627 1206
1563 1161
625 1154
652 1662
421 1640
1225 1072
374 1283
786 307
75 962
41 940
1187 697
1129 602
1774 1495
1237 1663
1343 186
376 1431
1612 1235
210 1779
808 1522
842 359
1624 1709
1419 780
1789 858
306 1470
294 826
1296 1635
744 1352
1379 92
1090 844
1769 598
1188 1583
832 361
1213 480
1441 432
362 649
1636 1660
1134 1229
1600 1523
1618 1401
734 453
1525 717
384 978
233 376
1254 1387
40 303
1284 1734
1791 1708
876 883
569 873
1558 1443
1008 1251
423 486
976 10
780 1609
1101 1811
103 59
1478 694
1649 903
228 1192
912 1187
469 1524
1743 892
1037 118
510 783
19 1256
1599 1546
1445 1513
777 487
506 76
1555 371
81 1334
1253 636
1572 105
1018 539
987 1515
906 447
585 870
1211 170
258 1438
1358 403
443 105
462 1287
126 1430
1259 1453
1000 1363
1324 1497
1154 325
913 1316
355 1283
1539 510
791 1065
1077 1598
1733 109
1203 45
1749 997
435 1330
895 1096
1305 662
194 888
1024 1023
1299 1353
957 1406
1141 792
492 644
1401 1742
313 1212
534 503
255 945
747 173
323 924
479 1441
1335 1163
1315 1243
511 1464
670 1578
1270 1509
1710 1509
429 1175
393 1310
37 932
1607 1745
8 1330
1367 71
930 697
148 210
1746 1678
885 319
20 162
990 712
671 319
1710 474
1834 99
1146 431
292 568
1516 1212
218 1637
35 724
1293 873
1272 437
570 1499
1057 1085
563 71
284 852
895 1707
272 1205
1546 804
536 54
1209 1486
1821 1198
315 486
901 1759
998 592
873 901
188 1759
1824 321
345 128
491 375
243 369
1568 30
1578 549
97 1393
717 1146
570 1222
348 574
52 1629
1452 918
1212 824
179 219
1465 714
667 882
1811 1056
326 1760
995 1319
1055 1436
612 1205
238 142
778 1179
872 1779
517 320
731 1431
685 761
841 579
1471 1646
880 1322
1630 1135
1005 65
1480 656
1508 1399
1747 958
1525 769
772 142
198 106
551 1470
54 771
1819 1351
1226 1063
470 1032
1656 1470
1360 1426
113 1594
1396 1491
1154 928
1739 130
180 1718
1609 224
408 664
852 1733
1263 821
1355 290
1317 171
993 1677
805 708
451 1387
1107 1218
889 337
121 1071
1502 1393
444 455
310 369
1734 884
1484 9
1102 715
1510 318
61 1159
495 1702
975 662
1256 1252
1289 1513
982 719
856 463
1403 1490
53 592
935 264
790 193
244 758
1504 1590
1485 1550
554 594
718 279
220 936
228 503
175 1421
1271 482
471 1796
551 487
1652 199
375 939
1744 63
1203 1103
1536 76
399 1278
1 695
693 979
334 857
1814 22
768 784
448 1466
313 630
1725 428
1578 1797
627 1723
1352 1320
1396 698
1625 610
563 1695
1564 784
239 1260
1112 1224
1739 27
17 602
970 263
1277 184
664 1719
1333 272
304 288
523 157
1210 604
551 519
1794 1382
553 1027
49 821
759 1319
812 548
1296 135
1368 1197
1346 1775
1731 1821
643 992
960 194
1051 419
1688 108
754 783
1647 212
1646 556
1077 1025
145 924
1829 958
482 319
1479 1110
1664 301
508 828
242 549
985 1188
1476 1120
853 50
1265 782
1393 1302
252 1619
1338 567
748 348
1104 757
1649 262
1074 1628
913 1807
1097 1680
1812 853
1491 647
411 1622
1784 1556
1091 1622
1031 462
803 162
685 629
393 1364
400 899
125 327
627 1685
328 157
1 758
1249 142
1654 1186
988 158
376 1797
1288 781
1477 1479
1284 1719
924 1372
1223 1488
650 401
1547 930
1364 1198
1017 392
1770 883
376 507
1610 33
1139 966
1581 604
1414 926
580 534
81 273
643 1768
457 574
665 1219
1285 1688
1833 1478
311 218
834 1552
782 547
862 839
1147 118
1434 129
248 521
58 1531
577 1257
732 700
1090 1201
1161 791
1165 1314
341 1010
1410 1454
873 478
581 855
595 1242
16 1147
445 1065
970 365
632 1779
1242 119
1430 1524
1394 1637
1493 1189
1354 552
558 636
650 1122
1684 510
699 1240
678 111
1390 1596
1481 385
30 377
302 748
1091 253
1288 338
1613 283
1268 913
196 998
924 648
693 1225
1231 135
690 689
1058 796
1148 1195
118 26
178 661
1046 642
1540 1751
1067 1644
1824 602
1197 303
543 1648
1317 1510
524 816
1004 1387
617 873
428 709
1227 1138
1717 922
1707 412
1547 1620
55 818
1025 1486
54 1290
1612 270
258 211
863 1739
1703 704
1768 335
511 498
378 109
727 1282
1160 295
321 1468
853 1645
1433 1678
1609 1759
944 1546
1772 582
1570 128
1795 1145
67 1639
134 126
628 510
1411 694
662 1113
672 927
280 1011
527 27
623 1608
994 1509
176 971
1293 1799
87 1637
351 790
1116 578
1353 762
1575 1694
1248 943
1784 1117
27 743
1373 773
653 1351
11 1444
1338 1042
1123 1415
144 818
938 471
1810 329
1180 489
216 184
673 406
1810 1778
530 1114
85 932
1661 14
1798 843
1283 715
1631 622
869 975
1733 45
1594 803
282 1629
1345 682
864 792
1462 514
736 1658
840 188
1233 1662
298 322
1580 480
393 1250
1052 236
206 375
691 705
1676 180
1653 605
849 151
573 705
209 1512
608 547
1670 1194
242 381
939 501
235 432
430 92
1557 1832
1021 1023
1783 164
1675 1574
1215 159
271 1138
465 312
78 1556
775 1658
298 709
1145 748
1246 1383
327 804
1199 397
502 809
380 562
750 625
1788 130
1499 813
1523 1361
1169 1459
353 239
539 438
524 1273
1628 821
1322 1515
1507 772
294 70
1002 539
1565 998
1091 16
991 1030
1690 1793
1066 304
247 1716
579 630
254 738
1694 1073
599 1688
1266 50
1775 1551
769 1418
955 599
1596 1575
245 1587
1077 810
1397 564
1668 385
948 1675
162 1132
1289 302
545 763
566 1361
835 919
271 1724
1662 1182
909 598
546 35
121 951
757 381
61 583
1111 552
1157 883
1540 1566
1297 939
70 1010
1279 1695
753 821
796 1690
1720 824
330 89
1736 137
1250 1198
46 808
788 229
561 1754
1537 504
844 14
1715 282
484 1495
1336 872
1538 1589
1667 50
1586 1365
700 118
801 1294
408 1240
473 384
1424 861
672 43
470 918
1786 50
1036 1699
1188 193
575 1759
29 57
1410 1751
36 539
557 459
571 25
272 1294
753 79
799 1355
278 786
1626 360
1 716
778 1162
787 386
66 603
1055 907
269 1637
1661 1728
180 1763
1741 1662
1635 86
907 594
199 583
932 763
634 1135
933 415
1460 1473
725 897
93 1262
34 951
413 1753
589 1316
1204 865
384 1203
899 1818
270 1021
682 281
1456 475
64 1026
1241 446
246 1050
1107 197
745 184
1781 397
1520 438
393 333
1080 1792
1649 992
1069 1359
1118 1371
793 1557
1341 1482
797 1532
1804 215
554 764
614 296
1613 641
28 507
1713 259
111 91
632 1644
320 62
107 711
500 45
68 292
703 1645
1463 943
802 1392
98 508
1672 44
1112 1202
1121 1427
505 870
1782 1351
1082 1211
13 30
1143 338
373 1039
707 1832
1490 38
147 105
452 582
1385 866
696 1542
1600 867
516 1752
868 779
1278 1069
774 1329
1791 569
586 1272
104 1709
550 971
650 1727
144 1542
1696 1182
191 1044
717 131
1253 901
305 666
1721 930
1639 59
1582 1140
1801 705
847 227
1556 1089
1303 1067
1380 160
1144 417
1403 172
395 1522
810 12
419 135
1360 1340
1438 1198
205 692
618 1629
1601 1489
9 103
871 1325
202 1322
1335 1593
659 419
1425 1571
782 163
595 1820
265 43
657 1706
1501 1796
279 1313
418 165
1181 649
1753 61
1767 488
526 1374
1029 715
219 1760
535 1135
71 467
654 1489
542 609
934 1079
182 1767
1545 840
1687 967
1221 1708
379 1512
78 1024
748 766
1530 300
708 1410
1272 154
1571 1540
780 460
1239 240
1585 118
200 939
225 251
1244 1691
1671 56
818 457
589 929
74 1020
1456 390
1014 82
449 1488
1162 362
1582 855
1178 1157
1648 409
1269 1153
1403 919
1248 1750
645 535
160 370
1465 1581
204 953
986 1236
929 875
404 1179
1377 1013
421 1311
998 1207
932 592
168 1770
276 1667
1641 471
1389 391
433 873
1262 362
1448 1086
299 407
1292 183
341 953
612 1349
145 1136
600 213
1818 44
1540 4
525 905
948 933
1473 540
26 1198
644 585
745 1254
693 1685
978 459
440 508
1782 981
530 1050
185 870
291 648
974
24
400
1084
1517
1335
1593
1163
1547
1620
293
1683
732
988
158
760
584
469
1312
908
21
1800
271
1724
1505
1654
168
747
149
741
268
557
382
1696
1358
559
399
472
408
664
429
1175
621
243
350
1308
310
369
1674
1366
835
1176
815
1080
1792
1607
1745
217
1277
216
69
458
639
565
937
1129
1269
1153
1051
1379
1613
1514
283
1158
1246
331
987
869
680
345
1123
234
7
156
1046
642
291
1625
470
1032
1336
770
1717
1618
1432
553
740
1214
805
476
581
651
398
753
969
1576
79
1259
972
1453
587
258
577
1810
329
1167
1758
1778
1209
533
1525
769
1784
414
1117
114
1798
843
900
1420
388
1722
1785
64
1026
1031
1672
115
18
410
1437
289
727
351
66
1061
603
524
816
827
570
1222
1270
1475
1078
616
277
1484
19
138
768
245
6
1535
655
1395
529
1496
40
276
536
54
771
1337
710
1582
855
1016
495
1577
1494
946
1612
280
270
1011
1323
1642
1686
134
1702
1606
846
1705
267
101
492
1128
1280
1567
104
744
332
968
1816
1058
672
927
1448
1416
910
1440
1603
722
15
123
983
155
394
1062
462
752
947
342
1789
1817
1317
1510
318
241
657
1412
1215
159
1614
72
8
915
343
189
1794
1382
1007
145
1273
248
1109
1271
886
1278
198
106
573
1059
911
612
171
1321
1627
1037
1451
963
1057
133
107
1136
1805
588
788
1780
1409
1397
1764
1828
1714
448
167
506
1415
353
739
931
1743
531
485
402
1422
881
136
513
530
1114
745
184
1414
926
902
1670
252
1619
1290
1803
1284
1719
1228
1390
256
713
317
1616
378
737
75
1825
1693
962
961
523
323
1383
985
1649
903
653
1533
1765
181
2
396
1155
1600
867
856
463
39
1108
1381
1736
336
137
1127
690
689
1049
1659
68
81
1227
1370
659
1730
286
640
1142
669
1461
177
864
1220
383
1564
297
955
777
477
344
1121
1427
960
1425
1346
1204
865
1148
1008
1720
1682
90
232
550
798
1802
1343
186
842
1389
235
1074
1093
970
263
720
948
933
1624
1709
627
1028
790
1723
1100
1666
273
358
848
1244
964
675
53
595
1242
116
1820
34
1139
623
420
517
837
1829
935
121
1071
416
686
951
1257
1667
73
233
1199
1107
1218
671
1833
807
1398
952
654
78
1556
1160
295
1089
1101
794
51
614
206
1626
1704
1823
895
1707
451
205
412
1665
692
596
1500
1282
1462
514
847
1643
1698
1568
1439
60
1303
1055
1436
1762
1144
356
728
607
1711
417
1226
812
548
1285
1769
1003
1357
266
685
1673
761
1169
1255
254
124
904
1558
1827
102
1328
755
1443
359
1152
127
363
1241
1098
896
1681
1775
1502
759
1069
544
1359
554
764
1521
456
990
305
666
265
43
1795
564
551
487
421
1640
800
1657
41
161
742
439
572
701
1356
706
966
1206
1293
1799
1621
203
1105
405
1543
511
1464
498
1268
1388
1429
1068
1053
1553
1190
1740
1367
756
668
1369
1777
1029
512
1118
691
892
1140
1295
545
646
502
809
1265
982
1274
976
10
97
823
1615
1111
334
857
435
208
1305
916
257
619
921
374
1371
275
1082
1456
1471
858
390
797
13
1360
1426
442
632
1067
1644
1279
454
119
563
1695
1741
624
1258
1174
590
1650
98
5
1485
1550
1467
917
836
1435
1597
754
1170
520
139
355
1143
1021
1288
1348
338
1504
366
450
87
1090
1773
784
1201
859
749
1831
1097
767
1092
1680
1526
1266
1757
1633
729
491
546
1327
113
789
1237
1663
1233
1234
221
1483
211
1442
1094
1536
1022
76
1150
1283
907
652
1066
555
304
413
292
357
522
889
934
641
999
1534
1064
1047
586
298
322
1766
1
716
1368
244
758
1671
74
1287
1684
360
424
1697
1689
658
1407
1235
832
1396
698
1532
725
897
1478
597
515
1591
11
862
914
1307
644
631
839
1324
702
1497
1638
1561
811
1675
1656
1131
316
1812
633
1300
93
1309
879
349
831
1087
1081
1755
324
214
542
1000
1230
1301
1363
46
84
1330
1015
965
877
1444
1599
717
23
131
568
285
938
434
1208
423
719
1446
1628
673
406
509
1036
1024
83
494
956
1652
17
153
1411
49
1632
1095
367
185
143
1592
1326
393
1310
333
141
1181
1518
571
606
1734
262
1338
1267
1042
1463
1824
567
1347
190
32
9
1749
1452
1819
1272
154
500
418
696
1200
683
1401
1725
328
913
1807
1594
1771
1091
991
1030
1563
250
1691
361
446
1402
1006
1318
1822
730
674
984
436
1455
437
1393
1041
793
891
140
1405
1083
825
635
1178
1738
144
1542
1559
274
278
1063
490
313
1304
430
92
1171
1151
1221
922
473
347
924
1372
648
88
1184
1516
1212
645
824
1133
1655
452
1156
1641
994
1710
1506
1509
678
474
1413
734
453
1119
1653
1020
1168
484
1354
552
1646
556
444
1701
1713
306
1470
1476
176
1120
1487
339
37
195
576
1562
375
1449
626
1623
352
1731
527
593
415
944
1546
1315
1815
1001
222
1460
1256
1054
1311
949
404
1834
1408
1539
1772
207
1548
99
796
884
1679
1579
58
868
618
1608
1601
802
3
126
1362
687
1263
239
601
817
48
1104
1664
301
1126
364
1428
372
1715
146
1141
1403
919
1490
887
1344
1012
1480
1489
679
656
226
820
187
67
1166
650
1727
726
35
403
724
422
1647
212
196
314
602
957
192
1331
634
132
1275
1137
1239
808
799
1231
411
1622
1400
851
1134
1211
909
598
878
1252
1493
1744
63
1052
670
1116
535
1417
223
1424
861
718
1077
844
1025
1545
1598
1486
47
840
1014
1528
481
1342
920
1251
1588
31
387
1185
560
1023
810
466
200
1177
373
1039
1238
309
1703
704
1112
1224
1197
303
1364
1801
1213
1122
1349
1406
1787
204
1260
1676
180
1718
995
1245
863
787
1430
384
978
1811
1737
1146
1826
1466
1830
638
1459
1602
676
236
260
874
841
1392
838
705
1477
1377
1013
1172
1332
872
1473
294
1586
608
1085
1378
1721
688
537
776
1596
1739
27
743
1481
1056
723
1668
385
346
1491
647
95
703
120
806
803
1756
814
1537
1783
504
164
30
665
765
580
479
468
70
1088
996
194
1572
29
1219
1813
973
1631
1339
1786
579
1035
197
1138
228
1192
779
1355
1706
1774
1450
1804
215
1033
82
1193
757
1524
912
871
1189
1292
826
1578
376
1573
1797
1661
14
1157
299
407
152
459
1469
1183
493
182
94
1735
1210
441
238
980
677
589
1316
1075
220
936
699
1240
830
1498
643
992
1782
1351
834
1345
516
395
1522
629
993
682
175
57
1149
284
1196
829
1102
715
700
693
1225
1124
1186
1079
1072
979
1685
428
282
528
52
1529
1629
246
365
1050
147
1447
28
1747
778
1179
1005
259
894
1180
774
253
521
585
1438
496
1352
1690
1793
103
1286
1191
315
199
1574
1728
1298
419
379
1584
242
822
549
711
1375
1557
526
1465
714
1581
604
56
229
684
1752
591
100
1814
22
42
613
971
125
1027
1595
660
1520
1788
380
562
237
663
389
1538
1296
135
1677
1374
1503
148
340
751
667
1376
1004
321
1468
1770
440
1531
1669
1507
505
12
80
1589
296
1019
611
1511
1187
1549
782
547
785
163
96
1821
1391
240
1560
1479
320
62
225
870
977
850
989
738
166
1229
594
1099
1569
1386
475
1264
508
1341
735
1604
630
1611
733
893
433
1048
1571
1617
954
311
281
1767
615
488
1096
708
381
620
1587
1297
736
772
1434
1433
1635
1746
1678
507
694
1555
371
1732
1748
1250
525
202
1639
1217
882
427
464
1145
923
880
929
875
497
1585
1070
65
1404
112
821
1076
1700
1086
1325
499
1753
169
486
712
183
1530
290
828
707
888
288
61
1194
1159
1249
583
142
1441
781
110
251
1161
431
930
55
697
1248
1712
1750
538
1165
1314
890
1544
958
1832
534
541
1216
1373
1299
854
1776
1552
1162
172
1164
111
91
1289
1232
1445
1541
1513
795
20
1247
162
1132
1322
461
1515
1353
975
662
1113
1281
775
1658
918
174
269
1384
1110
905
773
165
997
941
1045
1472
1034
925
1302
1291
231
432
255
599
1806
1423
1009
1188
38
25
193
1017
959
1243
327
605
558
1043
804
330
1791
1380
1708
1262
899
160
362
649
465
312
906
447
981
845
1038
1320
71
622
818
1457
1333
482
218
272
247
1130
1716
532
709
898
117
209
582
1512
230
279
179
1482
1729
1580
480
1202
1742
1687
170
967
569
308
1523
1394
1637
1421
370
1410
1454
326
1508
1173
939
543
392
191
1044
1334
219
942
1419
1636
853
50
1645
1060
860
1660
483
1329
519
1662
425
746
16
1605
1540
4
1751
518
178
661
467
1790
849
819
780
460
1115
1276
1319
173
1350
86
150
1261
249
986
1554
489
1726
762
302
59
1002
1835
1203
1147
1103
449
457
1566
876
36
1781
1223
750
443
1768
105
801
210
1779
625
628
1688
1651
610
1106
600
213
786
617
748
1399
401
766
940
1306
129
695
1154
928
157
791
118
341
77
1809
953
575
108
445
721
540
1365
637
1385
503
1590
950
1018
1010
792
1763
1499
1182
731
501
1431
377
151
1630
26
1198
1565
945
188
1519
287
122
1492
1551
1761
1570
539
1699
1125
455
1474
1575
1692
561
1648
89
1254
227
128
386
348
1135
1610
1488
1236
337
397
300
609
998
1207
85
1195
510
783
130
391
438
1387
307
1253
426
636
264
1754
681
932
763
1040
592
1294
354
1418
883
1694
1073
1065
578
885
319
1495
866
1808
1818
409
566
261
1527
368
1583
1205
1361
44
335
943
574
33
325
1458
873
478
201
852
813
1501
1609
1313
901
1759
471
1796
833
1634
1733
45
1760
109
1340
224
