10000 887
2 1
3 1
4 2
5 3
6 1
7 5
8 6
9 4
10 2
11 9
12 7
13 1
14 7
15 3
16 9
17 12
18 1
19 14
20 17
21 6
22 4
23 20
24 9
25 8
26 21
27 2
28 5
29 7
30 26
31 16
32 27
33 26
34 31
35 5
36 4
37 25
38 28
39 37
40 6
41 32
42 17
43 33
44 7
45 10
46 26
47 31
48 36
49 4
50 1
51 50
52 12
53 11
54 17
55 1
56 29
57 46
58 11
59 55
60 53
61 36
62 55
63 25
64 12
65 13
66 62
67 40
68 58
69 38
70 69
71 25
72 56
73 45
74 9
75 57
76 74
77 12
78 17
79 55
80 27
81 6
82 44
83 24
84 36
85 36
86 1
87 65
88 78
89 66
90 66
91 24
92 49
93 24
94 12
95 15
96 93
97 70
98 7
99 58
100 43
101 8
102 49
103 6
104 19
105 99
106 93
107 3
108 12
109 36
110 89
111 17
112 17
113 105
114 3
115 58
116 94
117 15
118 115
119 39
120 29
121 97
122 96
123 122
124 12
125 81
126 5
127 87
128 59
129 72
130 97
131 127
132 124
133 126
134 19
135 35
136 33
137 11
138 117
139 38
140 121
141 126
142 5
143 122
144 84
145 29
146 108
147 53
148 20
149 1
150 42
151 77
152 151
153 123
154 135
155 17
156 87
157 58
158 21
159 40
160 103
161 133
162 154
163 27
164 3
165 66
166 8
167 94
168 48
169 94
170 144
171 44
172 20
173 76
174 104
175 40
176 43
177 40
178 160
179 5
180 44
181 62
182 181
183 40
184 21
185 94
186 136
187 165
188 185
189 31
190 133
191 85
192 132
193 38
194 37
195 69
196 97
197 115
198 80
199 188
200 88
201 93
202 152
203 153
204 162
205 142
206 122
207 38
208 123
209 106
210 203
211 100
212 78
213 126
214 151
215 175
216 128
217 187
218 6
219 200
220 154
221 69
222 54
223 183
224 95
225 150
226 31
227 32
228 225
229 70
230 34
231 49
232 74
233 76
234 57
235 154
236 177
237 147
238 120
239 157
240 110
241 183
242 179
243 7
244 5
245 214
246 170
247 154
248 234
249 233
250 135
251 86
252 190
253 25
254 153
255 48
256 231
257 42
258 138
259 93
260 256
261 150
262 202
263 4
264 65
265 240
266 239
267 15
268 11
269 263
270 162
271 212
272 143
273 144
274 124
275 261
276 263
277 152
278 254
279 209
280 186
281 261
282 32
283 155
284 104
285 254
286 16
287 221
288 69
289 119
290 106
291 77
292 18
293 194
294 58
295 238
296 7
297 154
298 122
299 213
300 208
301 236
302 202
303 88
304 182
305 287
306 60
307 29
308 183
309 180
310 99
311 12
312 240
313 295
314 141
315 125
316 308
317 103
318 293
319 151
320 234
321 33
322 129
323 234
324 44
325 139
326 176
327 172
328 172
329 102
330 295
331 111
332 330
333 166
334 311
335 171
336 326
337 67
338 207
339 306
340 166
341 28
342 300
343 54
344 90
345 280
346 307
347 158
348 176
349 164
350 246
351 241
352 313
353 30
354 270
355 232
356 213
357 101
358 201
359 136
360 63
361 91
362 215
363 329
364 313
365 325
366 314
367 319
368 66
369 258
370 361
371 72
372 15
373 90
374 65
375 289
376 177
377 130
378 275
379 359
380 2
381 199
382 34
383 245
384 10
385 10
386 155
387 171
388 51
389 167
390 62
391 292
392 144
393 54
394 199
395 130
396 13
397 238
398 360
399 204
400 52
401 318
402 278
403 123
404 274
405 284
406 92
407 340
408 244
409 335
410 115
411 358
412 327
413 238
414 72
415 263
416 126
417 80
418 241
419 395
420 186
421 301
422 350
423 146
424 3
425 209
426 117
427 298
428 19
429 46
430 101
431 419
432 389
433 182
434 30
435 166
436 260
437 32
438 365
439 81
440 113
441 26
442 181
443 268
444 376
445 94
446 188
447 195
448 122
449 99
450 295
451 330
452 296
453 300
454 177
455 75
456 352
457 231
458 24
459 30
460 216
461 70
462 187
463 293
464 29
465 55
466 7
467 185
468 368
469 248
470 16
471 99
472 336
473 190
474 70
475 447
476 364
477 370
478 259
479 169
480 344
481 388
482 383
483 177
484 302
485 114
486 38
487 151
488 379
489 106
490 320
491 462
492 281
493 189
494 251
495 439
496 343
497 461
498 351
499 324
500 270
501 373
502 4
503 54
504 156
505 390
506 427
507 5
508 344
509 112
510 137
511 33
512 64
513 479
514 272
515 184
516 19
517 336
518 497
519 368
520 117
521 339
522 415
523 481
524 86
525 360
526 340
527 274
528 441
529 361
530 124
531 85
532 427
533 251
534 44
535 130
536 128
537 335
538 68
539 404
540 82
541 309
542 473
543 537
544 464
545 286
546 60
547 218
548 477
549 525
550 167
551 470
552 541
553 99
554 522
555 231
556 483
557 544
558 348
559 11
560 409
561 187
562 115
563 32
564 339
565 224
566 270
567 236
568 315
569 535
570 459
571 266
572 180
573 161
574 106
575 505
576 500
577 57
578 231
579 545
580 193
581 467
582 104
583 355
584 147
585 86
586 242
587 503
588 162
589 93
590 578
591 541
592 464
593 362
594 202
595 11
596 539
597 433
598 185
599 291
600 515
601 26
602 234
603 532
604 125
605 589
606 254
607 254
608 369
609 305
610 285
611 287
612 382
613 34
614 229
615 124
616 121
617 158
618 429
619 139
620 522
621 358
622 515
623 378
624 86
625 187
626 248
627 320
628 67
629 439
630 67
631 222
632 394
633 8
634 602
635 92
636 467
637 294
638 126
639 565
640 421
641 339
642 592
643 520
644 103
645 200
646 119
647 292
648 621
649 606
650 624
651 372
652 572
653 495
654 291
655 539
656 197
657 434
658 371
659 8
660 608
661 331
662 366
663 446
664 632
665 124
666 392
667 74
668 36
669 370
670 243
671 548
672 339
673 484
674 296
675 408
676 52
677 185
678 215
679 128
680 124
681 646
682 352
683 174
684 408
685 426
686 580
687 427
688 559
689 544
690 417
691 665
692 150
693 464
694 101
695 6
696 85
697 682
698 39
699 250
700 6
701 603
702 444
703 248
704 312
705 559
706 572
707 185
708 225
709 28
710 477
711 140
712 568
713 616
714 445
715 117
716 127
717 554
718 91
719 688
720 444
721 484
722 647
723 59
724 163
725 415
726 479
727 360
728 295
729 479
730 707
731 705
732 47
733 379
734 491
735 539
736 226
737 497
738 291
739 637
740 96
741 326
742 23
743 75
744 463
745 408
746 393
747 300
748 739
749 689
750 698
751 738
752 73
753 502
754 109
755 276
756 86
757 98
758 307
759 77
760 663
761 353
762 284
763 407
764 255
765 291
766 579
767 677
768 90
769 105
770 466
771 667
772 587
773 314
774 450
775 508
776 694
777 395
778 75
779 371
780 103
781 535
782 126
783 100
784 744
785 443
786 423
787 637
788 553
789 422
790 708
791 506
792 408
793 191
794 255
795 396
796 457
797 206
798 427
799 420
800 79
801 422
802 661
803 109
804 35
805 136
806 447
807 623
808 17
809 271
810 329
811 314
812 235
813 310
814 567
815 683
816 450
817 411
818 240
819 9
820 33
821 452
822 739
823 634
824 161
825 393
826 399
827 191
828 474
829 799
830 4
831 551
832 293
833 615
834 276
835 445
836 833
837 789
838 64
839 45
840 72
841 249
842 731
843 259
844 756
845 422
846 538
847 217
848 684
849 338
850 308
851 70
852 146
853 621
854 779
855 843
856 333
857 183
858 435
859 93
860 487
861 130
862 397
863 615
864 430
865 674
866 752
867 565
868 230
869 205
870 212
871 78
872 723
873 728
874 166
875 218
876 742
877 801
878 270
879 26
880 631
881 76
882 263
883 486
884 847
885 165
886 846
887 121
888 93
889 348
890 849
891 185
892 550
893 147
894 617
895 350
896 510
897 759
898 69
899 541
900 628
901 550
902 47
903 283
904 442
905 414
906 78
907 325
908 161
909 893
910 659
911 677
912 167
913 716
914 88
915 70
916 787
917 672
918 141
919 210
920 460
921 414
922 853
923 540
924 382
925 479
926 664
927 912
928 798
929 231
930 157
931 545
932 692
933 372
934 687
935 485
936 679
937 104
938 324
939 894
940 224
941 197
942 581
943 446
944 172
945 491
946 471
947 567
948 937
949 562
950 429
951 747
952 463
953 680
954 920
955 866
956 110
957 470
958 467
959 119
960 895
961 669
962 811
963 622
964 578
965 66
966 107
967 134
968 787
969 60
970 693
971 779
972 133
973 508
974 161
975 522
976 722
977 174
978 748
979 418
980 527
981 902
982 526
983 243
984 128
985 431
986 505
987 299
988 757
989 867
990 701
991 584
992 384
993 781
994 328
995 712
996 738
997 6
998 586
999 11
1000 641
1001 197
1002 881
1003 535
1004 824
1005 782
1006 746
1007 491
1008 776
1009 659
1010 330
1011 959
1012 717
1013 595
1014 716
1015 535
1016 971
1017 466
1018 853
1019 745
1020 635
1021 879
1022 291
1023 210
1024 107
1025 242
1026 562
1027 369
1028 1023
1029 667
1030 157
1031 149
1032 793
1033 821
1034 68
1035 868
1036 817
1037 980
1038 228
1039 746
1040 293
1041 70
1042 166
1043 179
1044 431
1045 848
1046 947
1047 883
1048 559
1049 883
1050 542
1051 717
1052 311
1053 648
1054 147
1055 1002
1056 725
1057 493
1058 120
1059 323
1060 229
1061 918
1062 362
1063 616
1064 555
1065 261
1066 922
1067 535
1068 675
1069 237
1070 617
1071 669
1072 957
1073 449
1074 77
1075 119
1076 625
1077 82
1078 615
1079 468
1080 984
1081 768
1082 380
1083 223
1084 484
1085 830
1086 626
1087 546
1088 451
1089 959
1090 681
1091 76
1092 372
1093 807
1094 797
1095 139
1096 557
1097 392
1098 92
1099 200
1100 992
1101 812
1102 741
1103 362
1104 852
1105 43
1106 951
1107 755
1108 679
1109 595
1110 863
1111 203
1112 21
1113 1038
1114 726
1115 750
1116 959
1117 818
1118 773
1119 958
1120 385
1121 517
1122 631
1123 651
1124 957
1125 340
1126 115
1127 946
1128 2
1129 521
1130 625
1131 948
1132 914
1133 69
1134 648
1135 601
1136 935
1137 979
1138 784
1139 622
1140 77
1141 835
1142 5
1143 1126
1144 1006
1145 359
1146 534
1147 688
1148 272
1149 320
1150 612
1151 504
1152 218
1153 1039
1154 914
1155 7
1156 494
1157 273
1158 1067
1159 484
1160 900
1161 930
1162 292
1163 649
1164 585
1165 1097
1166 1028
1167 750
1168 863
1169 316
1170 485
1171 104
1172 309
1173 1153
1174 733
1175 1105
1176 217
1177 142
1178 71
1179 876
1180 585
1181 1178
1182 347
1183 779
1184 344
1185 215
1186 994
1187 16
1188 1073
1189 498
1190 134
1191 101
1192 447
1193 646
1194 191
1195 707
1196 970
1197 1082
1198 1173
1199 919
1200 468
1201 361
1202 731
1203 146
1204 957
1205 428
1206 861
1207 89
1208 520
1209 739
1210 870
1211 473
1212 1125
1213 361
1214 222
1215 1111
1216 661
1217 1138
1218 1144
1219 575
1220 401
1221 1093
1222 324
1223 162
1224 238
1225 1022
1226 875
1227 866
1228 506
1229 775
1230 1002
1231 873
1232 267
1233 203
1234 455
1235 1180
1236 526
1237 669
1238 250
1239 443
1240 27
1241 390
1242 398
1243 232
1244 918
1245 912
1246 278
1247 897
1248 152
1249 48
1250 74
1251 317
1252 738
1253 589
1254 964
1255 858
1256 149
1257 123
1258 1186
1259 179
1260 1037
1261 536
1262 705
1263 319
1264 324
1265 151
1266 1129
1267 183
1268 156
1269 4
1270 716
1271 1186
1272 68
1273 1186
1274 37
1275 961
1276 223
1277 1183
1278 678
1279 707
1280 56
1281 1277
1282 461
1283 892
1284 75
1285 344
1286 317
1287 850
1288 241
1289 903
1290 1212
1291 680
1292 1181
1293 1273
1294 1290
1295 513
1296 190
1297 758
1298 330
1299 197
1300 1170
1301 995
1302 152
1303 21
1304 843
1305 569
1306 1301
1307 1303
1308 593
1309 503
1310 29
1311 137
1312 363
1313 872
1314 699
1315 613
1316 25
1317 1293
1318 362
1319 684
1320 729
1321 550
1322 491
1323 823
1324 1086
1325 249
1326 269
1327 950
1328 1200
1329 413
1330 481
1331 244
1332 946
1333 538
1334 586
1335 724
1336 784
1337 13
1338 995
1339 1258
1340 1253
1341 239
1342 930
1343 859
1344 1031
1345 131
1346 958
1347 571
1348 757
1349 831
1350 658
1351 1166
1352 999
1353 357
1354 658
1355 431
1356 1039
1357 314
1358 1139
1359 1278
1360 840
1361 1071
1362 198
1363 928
1364 1276
1365 88
1366 119
1367 245
1368 366
1369 1167
1370 569
1371 253
1372 1125
1373 825
1374 594
1375 718
1376 537
1377 46
1378 187
1379 855
1380 521
1381 154
1382 828
1383 125
1384 830
1385 229
1386 715
1387 1164
1388 1247
1389 122
1390 1379
1391 683
1392 115
1393 33
1394 1026
1395 874
1396 147
1397 930
1398 699
1399 832
1400 679
1401 985
1402 1225
1403 1026
1404 1093
1405 586
1406 271
1407 647
1408 1385
1409 151
1410 1341
1411 947
1412 959
1413 141
1414 751
1415 1337
1416 1120
1417 1056
1418 1363
1419 1092
1420 798
1421 1316
1422 974
1423 167
1424 304
1425 301
1426 748
1427 90
1428 677
1429 1233
1430 1069
1431 116
1432 540
1433 1145
1434 888
1435 595
1436 887
1437 239
1438 1028
1439 1419
1440 595
1441 877
1442 819
1443 467
1444 990
1445 823
1446 905
1447 404
1448 86
1449 495
1450 923
1451 1357
1452 784
1453 1351
1454 1206
1455 630
1456 948
1457 671
1458 42
1459 364
1460 868
1461 731
1462 1159
1463 1295
1464 707
1465 684
1466 1456
1467 5
1468 778
1469 633
1470 819
1471 357
1472 127
1473 951
1474 252
1475 1031
1476 191
1477 903
1478 1148
1479 1349
1480 1430
1481 559
1482 765
1483 97
1484 1040
1485 964
1486 1038
1487 279
1488 1426
1489 828
1490 159
1491 453
1492 417
1493 664
1494 632
1495 841
1496 1422
1497 550
1498 748
1499 1015
1500 479
1501 966
1502 517
1503 1451
1504 1104
1505 885
1506 1173
1507 294
1508 836
1509 901
1510 319
1511 316
1512 1143
1513 1481
1514 651
1515 598
1516 888
1517 1081
1518 1036
1519 651
1520 48
1521 749
1522 1109
1523 650
1524 104
1525 1460
1526 1308
1527 470
1528 44
1529 35
1530 1525
1531 1356
1532 1120
1533 1395
1534 1460
1535 485
1536 1405
1537 1017
1538 1174
1539 1330
1540 578
1541 1133
1542 937
1543 826
1544 1278
1545 495
1546 1154
1547 358
1548 820
1549 991
1550 1250
1551 157
1552 1042
1553 477
1554 1020
1555 759
1556 383
1557 550
1558 1056
1559 122
1560 724
1561 1226
1562 591
1563 352
1564 410
1565 386
1566 1446
1567 80
1568 658
1569 1493
1570 1316
1571 793
1572 847
1573 1541
1574 1099
1575 148
1576 1003
1577 744
1578 578
1579 428
1580 1023
1581 226
1582 246
1583 33
1584 986
1585 740
1586 1285
1587 62
1588 528
1589 1449
1590 539
1591 387
1592 772
1593 74
1594 44
1595 963
1596 636
1597 1036
1598 756
1599 1509
1600 532
1601 1305
1602 1331
1603 319
1604 921
1605 748
1606 1040
1607 670
1608 568
1609 960
1610 901
1611 957
1612 1103
1613 725
1614 59
1615 392
1616 1412
1617 315
1618 284
1619 1035
1620 727
1621 60
1622 300
1623 432
1624 344
1625 885
1626 864
1627 1614
1628 886
1629 158
1630 626
1631 29
1632 452
1633 1470
1634 217
1635 287
1636 701
1637 282
1638 1263
1639 21
1640 1367
1641 506
1642 16
1643 1457
1644 1114
1645 355
1646 479
1647 1029
1648 1175
1649 1557
1650 329
1651 1532
1652 1527
1653 944
1654 1395
1655 1636
1656 796
1657 1015
1658 136
1659 165
1660 593
1661 1402
1662 1327
1663 630
1664 803
1665 1212
1666 408
1667 1151
1668 523
1669 1041
1670 779
1671 597
1672 1058
1673 1232
1674 214
1675 1140
1676 63
1677 255
1678 742
1679 748
1680 1385
1681 457
1682 1121
1683 128
1684 1337
1685 798
1686 571
1687 23
1688 630
1689 856
1690 1164
1691 1370
1692 459
1693 721
1694 1360
1695 780
1696 791
1697 288
1698 1549
1699 1503
1700 789
1701 103
1702 592
1703 586
1704 1069
1705 1190
1706 205
1707 583
1708 240
1709 743
1710 656
1711 510
1712 1399
1713 362
1714 1031
1715 1192
1716 1349
1717 88
1718 229
1719 232
1720 516
1721 444
1722 1364
1723 1593
1724 1478
1725 852
1726 1418
1727 1006
1728 1306
1729 652
1730 468
1731 971
1732 244
1733 1486
1734 1220
1735 734
1736 107
1737 492
1738 337
1739 469
1740 522
1741 699
1742 1111
1743 1050
1744 87
1745 1447
1746 374
1747 1716
1748 285
1749 548
1750 858
1751 1028
1752 716
1753 1213
1754 612
1755 599
1756 462
1757 376
1758 1705
1759 1309
1760 67
1761 798
1762 1579
1763 632
1764 209
1765 724
1766 1007
1767 318
1768 439
1769 91
1770 351
1771 1601
1772 677
1773 263
1774 355
1775 1396
1776 1591
1777 393
1778 1279
1779 66
1780 152
1781 1111
1782 816
1783 973
1784 1548
1785 1267
1786 211
1787 1513
1788 369
1789 394
1790 683
1791 748
1792 1332
1793 1417
1794 1321
1795 216
1796 1168
1797 46
1798 1420
1799 998
1800 1598
1801 810
1802 1199
1803 596
1804 1625
1805 378
1806 1258
1807 975
1808 1487
1809 1419
1810 80
1811 1687
1812 939
1813 1143
1814 893
1815 1491
1816 1544
1817 407
1818 937
1819 1544
1820 1257
1821 5
1822 935
1823 798
1824 1324
1825 1160
1826 1180
1827 1632
1828 702
1829 324
1830 1224
1831 489
1832 1698
1833 695
1834 1374
1835 131
1836 332
1837 56
1838 978
1839 1737
1840 1746
1841 1272
1842 1543
1843 72
1844 1771
1845 1616
1846 874
1847 1473
1848 1318
1849 321
1850 25
1851 1775
1852 1658
1853 469
1854 37
1855 1096
1856 1710
1857 1642
1858 1204
1859 1154
1860 441
1861 951
1862 652
1863 1532
1864 1415
1865 1410
1866 195
1867 1781
1868 750
1869 1527
1870 1303
1871 663
1872 1512
1873 1182
1874 1765
1875 1018
1876 1834
1877 749
1878 1119
1879 818
1880 1381
1881 913
1882 1147
1883 570
1884 320
1885 699
1886 1324
1887 656
1888 1508
1889 1349
1890 571
1891 1089
1892 131
1893 1072
1894 1040
1895 585
1896 662
1897 347
1898 1156
1899 872
1900 993
1901 240
1902 1724
1903 1599
1904 318
1905 41
1906 1885
1907 526
1908 1094
1909 1139
1910 1422
1911 49
1912 1469
1913 1370
1914 1793
1915 1738
1916 445
1917 1342
1918 260
1919 1482
1920 648
1921 931
1922 1588
1923 1700
1924 587
1925 1829
1926 21
1927 682
1928 606
1929 1389
1930 1552
1931 900
1932 662
1933 1256
1934 1497
1935 440
1936 93
1937 1536
1938 1413
1939 1788
1940 1437
1941 782
1942 263
1943 1904
1944 1134
1945 514
1946 1065
1947 1625
1948 1799
1949 808
1950 338
1951 210
1952 378
1953 269
1954 773
1955 1111
1956 1698
1957 1401
1958 1642
1959 128
1960 107
1961 1564
1962 528
1963 490
1964 903
1965 1941
1966 634
1967 1956
1968 921
1969 264
1970 174
1971 1265
1972 1170
1973 256
1974 1799
1975 1463
1976 275
1977 1888
1978 317
1979 1688
1980 58
1981 1453
1982 164
1983 443
1984 439
1985 414
1986 413
1987 288
1988 15
1989 1536
1990 1892
1991 974
1992 78
1993 1851
1994 297
1995 893
1996 1116
1997 1436
1998 669
1999 558
2000 1905
2001 1422
2002 292
2003 1566
2004 654
2005 1869
2006 797
2007 1074
2008 687
2009 171
2010 1375
2011 419
2012 1289
2013 1321
2014 739
2015 1859
2016 1673
2017 1843
2018 454
2019 1176
2020 1804
2021 1612
2022 436
2023 344
2024 110
2025 138
2026 1970
2027 1366
2028 1886
2029 573
2030 1248
2031 957
2032 1813
2033 694
2034 701
2035 376
2036 1739
2037 806
2038 1608
2039 205
2040 1582
2041 1273
2042 1415
2043 1992
2044 1223
2045 535
2046 1795
2047 1618
2048 1202
2049 1340
2050 943
2051 1264
2052 1414
2053 430
2054 1275
2055 354
2056 430
2057 1160
2058 610
2059 1553
2060 1189
2061 7
2062 844
2063 785
2064 1067
2065 151
2066 282
2067 31
2068 266
2069 1481
2070 1247
2071 778
2072 746
2073 1608
2074 1549
2075 1939
2076 1312
2077 1254
2078 1940
2079 74
2080 255
2081 943
2082 394
2083 852
2084 209
2085 419
2086 13
2087 28
2088 302
2089 1551
2090 195
2091 1225
2092 265
2093 301
2094 842
2095 1350
2096 561
2097 1851
2098 203
2099 951
2100 257
2101 241
2102 335
2103 672
2104 1598
2105 816
2106 1196
2107 1920
2108 73
2109 778
2110 2025
2111 443
2112 817
2113 1582
2114 1275
2115 464
2116 1391
2117 201
2118 134
2119 1450
2120 1115
2121 1645
2122 56
2123 1106
2124 640
2125 407
2126 1678
2127 346
2128 2011
2129 1247
2130 1013
2131 1573
2132 138
2133 504
2134 297
2135 1237
2136 1249
2137 1982
2138 896
2139 1749
2140 64
2141 286
2142 548
2143 1069
2144 450
2145 1172
2146 26
2147 1681
2148 754
2149 836
2150 1129
2151 1785
2152 477
2153 841
2154 2134
2155 233
2156 2146
2157 1670
2158 209
2159 761
2160 1771
2161 2061
2162 1130
2163 1207
2164 1457
2165 587
2166 1291
2167 789
2168 2031
2169 1164
2170 1582
2171 1369
2172 724
2173 1789
2174 696
2175 1096
2176 691
2177 315
2178 517
2179 1647
2180 1317
2181 1665
2182 1560
2183 530
2184 1240
2185 1392
2186 1066
2187 344
2188 499
2189 1901
2190 2051
2191 1984
2192 2134
2193 1739
2194 767
2195 1087
2196 1488
2197 1926
2198 1273
2199 1537
2200 561
2201 617
2202 303
2203 2054
2204 1345
2205 264
2206 1419
2207 2000
2208 1005
2209 1958
2210 1809
2211 2070
2212 1008
2213 531
2214 721
2215 724
2216 251
2217 1426
2218 839
2219 1094
2220 126
2221 19
2222 1923
2223 2098
2224 941
2225 403
2226 431
2227 602
2228 1989
2229 1306
2230 441
2231 987
2232 532
2233 1241
2234 354
2235 1082
2236 1375
2237 1374
2238 1566
2239 298
2240 1103
2241 350
2242 622
2243 1048
2244 1959
2245 729
2246 877
2247 124
2248 2090
2249 1010
2250 540
2251 1221
2252 1611
2253 565
2254 550
2255 1913
2256 2122
2257 1734
2258 780
2259 1613
2260 1851
2261 1956
2262 870
2263 890
2264 1253
2265 945
2266 2103
2267 950
2268 2230
2269 1841
2270 377
2271 1449
2272 1779
2273 1821
2274 706
2275 985
2276 967
2277 158
2278 491
2279 942
2280 1413
2281 2151
2282 1206
2283 1671
2284 1062
2285 288
2286 1432
2287 192
2288 2015
2289 1904
2290 1658
2291 2232
2292 2211
2293 803
2294 878
2295 1610
2296 2118
2297 472
2298 1425
2299 624
2300 383
2301 1036
2302 1757
2303 1386
2304 787
2305 1142
2306 1367
2307 1263
2308 645
2309 1900
2310 551
2311 1050
2312 714
2313 1214
2314 1933
2315 2203
2316 1720
2317 2158
2318 40
2319 1535
2320 1751
2321 1209
2322 1496
2323 382
2324 1461
2325 2207
2326 1829
2327 1311
2328 1707
2329 2082
2330 2147
2331 511
2332 375
2333 1177
2334 1114
2335 1164
2336 238
2337 2118
2338 1583
2339 963
2340 714
2341 1006
2342 965
2343 1245
2344 1096
2345 221
2346 2005
2347 263
2348 2343
2349 400
2350 1019
2351 1871
2352 478
2353 1167
2354 1316
2355 1491
2356 1383
2357 1781
2358 1122
2359 330
2360 2120
2361 1980
2362 459
2363 1594
2364 1554
2365 1492
2366 758
2367 989
2368 55
2369 1409
2370 1585
2371 198
2372 146
2373 2117
2374 1351
2375 582
2376 880
2377 1118
2378 2038
2379 715
2380 2331
2381 1588
2382 1743
2383 1711
2384 501
2385 2010
2386 579
2387 740
2388 1367
2389 1892
2390 54
2391 45
2392 1651
2393 1633
2394 2216
2395 1581
2396 950
2397 1733
2398 2008
2399 1905
2400 499
2401 1572
2402 1559
2403 2212
2404 1000
2405 818
2406 2219
2407 198
2408 2077
2409 1914
2410 677
2411 104
2412 191
2413 446
2414 1188
2415 1161
2416 302
2417 1659
2418 2293
2419 11
2420 1810
2421 543
2422 306
2423 1620
2424 2294
2425 611
2426 850
2427 1140
2428 548
2429 1231
2430 371
2431 2137
2432 213
2433 929
2434 1982
2435 2157
2436 2124
2437 80
2438 139
2439 1619
2440 833
2441 846
2442 745
2443 2272
2444 1855
2445 1552
2446 652
2447 1487
2448 14
2449 1435
2450 2147
2451 2059
2452 102
2453 746
2454 2112
2455 1839
2456 511
2457 2357
2458 105
2459 1095
2460 1267
2461 2211
2462 1974
2463 2163
2464 887
2465 1257
2466 1977
2467 502
2468 1189
2469 1269
2470 1051
2471 1273
2472 251
2473 2185
2474 1672
2475 104
2476 341
2477 1589
2478 863
2479 724
2480 1014
2481 686
2482 1447
2483 726
2484 859
2485 1098
2486 205
2487 2436
2488 872
2489 2463
2490 1480
2491 851
2492 1918
2493 2015
2494 360
2495 2445
2496 1134
2497 449
2498 1758
2499 1702
2500 1648
2501 1734
2502 2252
2503 502
2504 1503
2505 970
2506 2175
2507 622
2508 1750
2509 468
2510 2037
2511 1767
2512 543
2513 1334
2514 2118
2515 2206
2516 879
2517 267
2518 2094
2519 1317
2520 2069
2521 597
2522 1585
2523 1065
2524 2282
2525 861
2526 1547
2527 464
2528 727
2529 1608
2530 896
2531 1321
2532 2027
2533 1433
2534 86
2535 1033
2536 844
2537 318
2538 2426
2539 151
2540 2123
2541 786
2542 1728
2543 123
2544 1016
2545 884
2546 70
2547 1265
2548 1524
2549 1471
2550 639
2551 496
2552 947
2553 2528
2554 314
2555 1364
2556 1899
2557 224
2558 1817
2559 657
2560 79
2561 1376
2562 2437
2563 2352
2564 2112
2565 640
2566 2007
2567 2471
2568 694
2569 242
2570 134
2571 997
2572 1702
2573 2218
2574 2028
2575 851
2576 2095
2577 1694
2578 349
2579 192
2580 80
2581 1643
2582 62
2583 305
2584 488
2585 1160
2586 2045
2587 1844
2588 1251
2589 2322
2590 1538
2591 790
2592 2453
2593 2257
2594 949
2595 568
2596 1239
2597 2199
2598 1544
2599 1995
2600 314
2601 1443
2602 2342
2603 2340
2604 1456
2605 2186
2606 127
2607 1893
2608 86
2609 2494
2610 428
2611 1843
2612 2296
2613 161
2614 73
2615 1446
2616 2029
2617 1188
2618 1179
2619 789
2620 1717
2621 2140
2622 2061
2623 502
2624 1953
2625 2144
2626 1706
2627 2054
2628 1503
2629 2041
2630 1300
2631 715
2632 1170
2633 2408
2634 381
2635 780
2636 1221
2637 1223
2638 20
2639 520
2640 1820
2641 2268
2642 59
2643 55
2644 2581
2645 858
2646 2217
2647 2023
2648 354
2649 510
2650 1435
2651 1484
2652 1627
2653 156
2654 1532
2655 657
2656 393
2657 2147
2658 1769
2659 1972
2660 2226
2661 823
2662 2606
2663 1861
2664 2528
2665 181
2666 2358
2667 1758
2668 1326
2669 2224
2670 742
2671 554
2672 1044
2673 597
2674 1663
2675 2360
2676 296
2677 276
2678 1319
2679 461
2680 1706
2681 1785
2682 438
2683 1602
2684 1950
2685 2250
2686 1400
2687 978
2688 1745
2689 970
2690 2289
2691 1421
2692 368
2693 768
2694 528
2695 229
2696 2122
2697 1573
2698 1723
2699 358
2700 1380
2701 1264
2702 1216
2703 1127
2704 2308
2705 2
2706 312
2707 2438
2708 325
2709 1737
2710 982
2711 1186
2712 1200
2713 1283
2714 1188
2715 1853
2716 2396
2717 1745
2718 860
2719 1833
2720 2699
2721 1952
2722 2718
2723 1365
2724 1557
2725 452
2726 2140
2727 1754
2728 778
2729 774
2730 2421
2731 806
2732 392
2733 841
2734 382
2735 1939
2736 875
2737 843
2738 487
2739 641
2740 2283
2741 573
2742 1891
2743 99
2744 1872
2745 2307
2746 439
2747 1230
2748 1042
2749 1023
2750 1545
2751 2155
2752 2234
2753 649
2754 1363
2755 2081
2756 2066
2757 747
2758 913
2759 1037
2760 2564
2761 1689
2762 1440
2763 1457
2764 2634
2765 1137
2766 164
2767 448
2768 2708
2769 1490
2770 1849
2771 513
2772 1518
2773 1174
2774 2108
2775 766
2776 2284
2777 414
2778 242
2779 2008
2780 524
2781 2096
2782 1348
2783 951
2784 77
2785 2077
2786 2017
2787 957
2788 27
2789 1021
2790 2014
2791 2011
2792 2503
2793 1808
2794 104
2795 2595
2796 622
2797 503
2798 1792
2799 2658
2800 1367
2801 163
2802 2643
2803 1527
2804 1203
2805 1876
2806 2421
2807 1869
2808 2384
2809 524
2810 2166
2811 864
2812 1291
2813 1775
2814 2310
2815 101
2816 1551
2817 2230
2818 194
2819 2694
2820 2013
2821 475
2822 1175
2823 2226
2824 2629
2825 2383
2826 2137
2827 2151
2828 1249
2829 2235
2830 1731
2831 831
2832 1788
2833 2523
2834 994
2835 2695
2836 828
2837 1777
2838 2135
2839 59
2840 945
2841 219
2842 1426
2843 2554
2844 1138
2845 2571
2846 482
2847 2210
2848 384
2849 67
2850 2243
2851 2295
2852 750
2853 341
2854 2612
2855 1998
2856 1050
2857 919
2858 1944
2859 1703
2860 2156
2861 1579
2862 453
2863 727
2864 404
2865 2606
2866 1460
2867 887
2868 2369
2869 2608
2870 2813
2871 101
2872 1929
2873 749
2874 2374
2875 791
2876 1121
2877 2775
2878 612
2879 791
2880 773
2881 1170
2882 211
2883 84
2884 1044
2885 1974
2886 1133
2887 288
2888 328
2889 957
2890 2037
2891 2702
2892 2498
2893 1578
2894 2442
2895 506
2896 2836
2897 2069
2898 2646
2899 2640
2900 2866
2901 447
2902 1190
2903 2600
2904 1987
2905 425
2906 1578
2907 2503
2908 2313
2909 2693
2910 1965
2911 808
2912 634
2913 1192
2914 2463
2915 2730
2916 1489
2917 1285
2918 2874
2919 827
2920 1477
2921 702
2922 2051
2923 1294
2924 1643
2925 2509
2926 2182
2927 685
2928 191
2929 565
2930 1927
2931 1803
2932 2892
2933 827
2934 2584
2935 2635
2936 482
2937 2513
2938 1581
2939 593
2940 319
2941 2717
2942 1013
2943 2582
2944 2055
2945 1558
2946 734
2947 253
2948 820
2949 2490
2950 2004
2951 1518
2952 1896
2953 1458
2954 1865
2955 837
2956 2839
2957 2089
2958 1565
2959 1540
2960 680
2961 696
2962 158
2963 2608
2964 2787
2965 1771
2966 2561
2967 514
2968 326
2969 269
2970 1500
2971 1201
2972 2756
2973 2356
2974 2865
2975 1233
2976 1257
2977 806
2978 2673
2979 2172
2980 2067
2981 970
2982 2871
2983 54
2984 2524
2985 1681
2986 173
2987 2104
2988 2520
2989 2640
2990 2455
2991 995
2992 1343
2993 319
2994 2165
2995 88
2996 997
2997 1464
2998 1775
2999 2814
3000 2225
3001 2683
3002 688
3003 2249
3004 1331
3005 999
3006 2561
3007 2249
3008 1033
3009 2881
3010 2635
3011 1680
3012 1778
3013 1731
3014 1587
3015 299
3016 906
3017 2227
3018 343
3019 595
3020 1938
3021 1934
3022 1025
3023 2335
3024 354
3025 1851
3026 458
3027 539
3028 703
3029 1615
3030 2833
3031 2096
3032 309
3033 1231
3034 1451
3035 475
3036 840
3037 2294
3038 2670
3039 1274
3040 2122
3041 2924
3042 569
3043 2232
3044 740
3045 112
3046 312
3047 345
3048 1939
3049 2677
3050 1959
3051 277
3052 1960
3053 2679
3054 739
3055 1569
3056 843
3057 349
3058 2460
3059 2211
3060 2626
3061 2410
3062 1959
3063 1878
3064 1890
3065 2245
3066 545
3067 2866
3068 2846
3069 2698
3070 1359
3071 257
3072 2299
3073 3
3074 252
3075 2972
3076 2312
3077 2775
3078 522
3079 1307
3080 556
3081 391
3082 2476
3083 2486
3084 40
3085 29
3086 2504
3087 624
3088 2813
3089 309
3090 378
3091 47
3092 753
3093 31
3094 2110
3095 2351
3096 551
3097 1482
3098 1732
3099 1592
3100 2726
3101 2350
3102 3010
3103 138
3104 2410
3105 1516
3106 41
3107 385
3108 903
3109 967
3110 74
3111 1108
3112 3098
3113 2195
3114 2445
3115 2838
3116 1839
3117 2147
3118 343
3119 1318
3120 2942
3121 1582
3122 1156
3123 2249
3124 807
3125 2140
3126 1050
3127 588
3128 759
3129 3081
3130 918
3131 3009
3132 309
3133 2130
3134 1374
3135 572
3136 2922
3137 3001
3138 2216
3139 1743
3140 229
3141 806
3142 2375
3143 3058
3144 394
3145 1405
3146 2983
3147 327
3148 25
3149 3023
3150 169
3151 2672
3152 1085
3153 2262
3154 1705
3155 2433
3156 2174
3157 1846
3158 801
3159 1489
3160 1636
3161 2132
3162 171
3163 2294
3164 3121
3165 1421
3166 336
3167 494
3168 1971
3169 2901
3170 808
3171 292
3172 1380
3173 1675
3174 2037
3175 398
3176 2733
3177 1139
3178 1061
3179 2948
3180 1692
3181 389
3182 1451
3183 1302
3184 1079
3185 1596
3186 1394
3187 472
3188 543
3189 189
3190 2315
3191 801
3192 2937
3193 1901
3194 1963
3195 2081
3196 635
3197 2334
3198 2163
3199 2630
3200 511
3201 1674
3202 183
3203 1148
3204 1494
3205 336
3206 2261
3207 1703
3208 2567
3209 2968
3210 1050
3211 1129
3212 1335
3213 1926
3214 1116
3215 292
3216 2463
3217 1272
3218 2355
3219 1227
3220 897
3221 1837
3222 2887
3223 1892
3224 292
3225 1528
3226 3078
3227 2799
3228 87
3229 1142
3230 68
3231 2029
3232 796
3233 240
3234 2605
3235 2667
3236 2566
3237 2374
3238 2914
3239 917
3240 2451
3241 1248
3242 1119
3243 2813
3244 2401
3245 3026
3246 1218
3247 809
3248 1894
3249 2820
3250 2108
3251 2177
3252 51
3253 904
3254 673
3255 2356
3256 2028
3257 2584
3258 1863
3259 2286
3260 307
3261 559
3262 2403
3263 1390
3264 1172
3265 1864
3266 2586
3267 922
3268 411
3269 3006
3270 856
3271 400
3272 1364
3273 116
3274 931
3275 3159
3276 278
3277 2323
3278 2413
3279 2495
3280 897
3281 1881
3282 2129
3283 2360
3284 606
3285 2150
3286 1354
3287 403
3288 1874
3289 2118
3290 2599
3291 2964
3292 1085
3293 3156
3294 2065
3295 1043
3296 3120
3297 2958
3298 623
3299 2897
3300 1452
3301 2040
3302 1334
3303 539
3304 3233
3305 316
3306 948
3307 2883
3308 562
3309 699
3310 1237
3311 1140
3312 109
3313 1685
3314 397
3315 2177
3316 173
3317 2571
3318 337
3319 2494
3320 1820
3321 1062
3322 317
3323 2197
3324 40
3325 2999
3326 1976
3327 841
3328 498
3329 3162
3330 1244
3331 2802
3332 2932
3333 1190
3334 2341
3335 892
3336 834
3337 370
3338 3136
3339 2481
3340 642
3341 2202
3342 886
3343 1577
3344 1509
3345 2587
3346 3205
3347 33
3348 1091
3349 557
3350 2624
3351 2622
3352 1555
3353 1231
3354 1848
3355 883
3356 1171
3357 1448
3358 2625
3359 1621
3360 613
3361 2751
3362 2358
3363 1479
3364 1799
3365 1614
3366 2523
3367 2205
3368 52
3369 96
3370 2568
3371 3063
3372 1864
3373 1205
3374 1562
3375 1846
3376 2637
3377 1833
3378 2057
3379 3334
3380 98
3381 2248
3382 968
3383 1822
3384 1267
3385 2125
3386 1281
3387 394
3388 2295
3389 1903
3390 3238
3391 1179
3392 2197
3393 3172
3394 2203
3395 2226
3396 2176
3397 2813
3398 2504
3399 2665
3400 643
3401 629
3402 1435
3403 995
3404 1153
3405 3377
3406 2204
3407 2257
3408 1127
3409 2322
3410 105
3411 2953
3412 672
3413 3361
3414 279
3415 1266
3416 1740
3417 587
3418 3232
3419 2252
3420 2930
3421 1529
3422 1274
3423 1120
3424 2254
3425 875
3426 213
3427 1118
3428 2089
3429 1485
3430 600
3431 1601
3432 1227
3433 2539
3434 1451
3435 2035
3436 171
3437 3072
3438 3272
3439 2508
3440 129
3441 2629
3442 556
3443 3045
3444 1913
3445 2418
3446 336
3447 289
3448 3352
3449 9
3450 2702
3451 3245
3452 1248
3453 276
3454 1144
3455 2898
3456 2639
3457 2313
3458 1329
3459 77
3460 896
3461 2348
3462 1987
3463 1331
3464 2255
3465 3441
3466 1123
3467 1865
3468 1762
3469 975
3470 2815
3471 1399
3472 3420
3473 379
3474 2000
3475 401
3476 1484
3477 1511
3478 2715
3479 3068
3480 2886
3481 3475
3482 966
3483 2629
3484 2642
3485 1522
3486 3094
3487 1528
3488 481
3489 1644
3490 2536
3491 1218
3492 2429
3493 1203
3494 2233
3495 2585
3496 163
3497 2826
3498 1461
3499 40
3500 208
3501 2888
3502 38
3503 299
3504 1862
3505 2441
3506 770
3507 2945
3508 3387
3509 3212
3510 1605
3511 2718
3512 521
3513 306
3514 85
3515 2519
3516 2595
3517 2474
3518 1437
3519 988
3520 1256
3521 3243
3522 1955
3523 2325
3524 1738
3525 2230
3526 2601
3527 632
3528 2977
3529 2066
3530 54
3531 476
3532 1066
3533 2159
3534 1467
3535 2947
3536 2510
3537 765
3538 344
3539 344
3540 2977
3541 1823
3542 2742
3543 1735
3544 1797
3545 3032
3546 3412
3547 2432
3548 520
3549 2213
3550 3378
3551 158
3552 2252
3553 2933
3554 1308
3555 2114
3556 2672
3557 2355
3558 3511
3559 1170
3560 2237
3561 462
3562 2749
3563 3526
3564 1068
3565 153
3566 3513
3567 3334
3568 2494
3569 1415
3570 994
3571 1524
3572 3004
3573 2387
3574 1859
3575 2602
3576 3288
3577 1754
3578 2733
3579 428
3580 2041
3581 3289
3582 2263
3583 1819
3584 3142
3585 3109
3586 521
3587 980
3588 1710
3589 503
3590 1294
3591 2278
3592 1344
3593 1574
3594 3198
3595 2547
3596 3247
3597 640
3598 2506
3599 1344
3600 1189
3601 1707
3602 1067
3603 2695
3604 17
3605 2196
3606 246
3607 2442
3608 2062
3609 3075
3610 1207
3611 3209
3612 3371
3613 851
3614 1244
3615 2012
3616 2090
3617 107
3618 3482
3619 766
3620 1254
3621 314
3622 1215
3623 728
3624 3585
3625 2616
3626 2115
3627 1310
3628 59
3629 2650
3630 1208
3631 731
3632 2885
3633 1213
3634 3614
3635 395
3636 1587
3637 2576
3638 487
3639 2998
3640 368
3641 441
3642 2248
3643 2543
3644 1007
3645 318
3646 1549
3647 1026
3648 2873
3649 1008
3650 911
3651 2399
3652 3518
3653 293
3654 3476
3655 1111
3656 1841
3657 2606
3658 1491
3659 1185
3660 1222
3661 178
3662 288
3663 3512
3664 682
3665 2533
3666 3509
3667 2533
3668 497
3669 1000
3670 2158
3671 1488
3672 483
3673 2019
3674 1104
3675 2801
3676 1396
3677 3093
3678 3260
3679 1731
3680 3248
3681 1074
3682 2396
3683 3457
3684 520
3685 59
3686 1762
3687 756
3688 915
3689 2649
3690 693
3691 1844
3692 1211
3693 1027
3694 1941
3695 3592
3696 106
3697 1017
3698 3035
3699 2166
3700 931
3701 1085
3702 1623
3703 535
3704 1112
3705 3435
3706 3197
3707 286
3708 1505
3709 3660
3710 2714
3711 2121
3712 886
3713 2823
3714 3551
3715 1107
3716 3611
3717 3115
3718 1345
3719 2954
3720 972
3721 2252
3722 526
3723 1049
3724 2922
3725 2683
3726 3691
3727 2740
3728 2709
3729 89
3730 3014
3731 2278
3732 1695
3733 1405
3734 3423
3735 2627
3736 3687
3737 3093
3738 1585
3739 1288
3740 994
3741 3391
3742 467
3743 841
3744 2213
3745 1763
3746 1931
3747 3367
3748 1195
3749 2099
3750 3096
3751 866
3752 341
3753 1804
3754 422
3755 726
3756 2672
3757 2136
3758 2023
3759 193
3760 304
3761 1405
3762 561
3763 1488
3764 1072
3765 1067
3766 1313
3767 3656
3768 2453
3769 2189
3770 2356
3771 3161
3772 31
3773 2813
3774 2174
3775 302
3776 672
3777 2370
3778 706
3779 238
3780 3391
3781 3312
3782 767
3783 2140
3784 2076
3785 906
3786 199
3787 1474
3788 1178
3789 2550
3790 255
3791 971
3792 2647
3793 1132
3794 2348
3795 1749
3796 3468
3797 278
3798 283
3799 257
3800 1638
3801 2359
3802 3731
3803 2776
3804 3148
3805 3158
3806 2767
3807 3382
3808 2573
3809 3621
3810 946
3811 613
3812 3743
3813 3535
3814 3290
3815 2016
3816 2988
3817 2385
3818 2433
3819 2337
3820 2424
3821 2502
3822 1584
3823 2881
3824 851
3825 1158
3826 3198
3827 471
3828 2633
3829 2336
3830 520
3831 1165
3832 2555
3833 2402
3834 1325
3835 3233
3836 2511
3837 3747
3838 1784
3839 3350
3840 752
3841 442
3842 424
3843 1715
3844 1795
3845 724
3846 2537
3847 1733
3848 2850
3849 950
3850 2683
3851 1843
3852 3756
3853 913
3854 3003
3855 985
3856 346
3857 877
3858 1015
3859 3324
3860 891
3861 3438
3862 402
3863 1907
3864 155
3865 3042
3866 2675
3867 2735
3868 1863
3869 482
3870 1544
3871 2865
3872 2276
3873 1803
3874 2708
3875 162
3876 1022
3877 2547
3878 2970
3879 1178
3880 573
3881 2072
3882 1455
3883 2479
3884 2058
3885 2621
3886 2582
3887 279
3888 2166
3889 1174
3890 2035
3891 340
3892 1296
3893 3664
3894 57
3895 3693
3896 1884
3897 193
3898 1406
3899 3661
3900 3363
3901 1267
3902 3859
3903 2047
3904 952
3905 1852
3906 2772
3907 263
3908 3718
3909 2315
3910 1660
3911 3857
3912 27
3913 97
3914 2804
3915 1155
3916 462
3917 2618
3918 2240
3919 2042
3920 1452
3921 3288
3922 338
3923 2933
3924 2329
3925 810
3926 2412
3927 3519
3928 1251
3929 1442
3930 1174
3931 2750
3932 1629
3933 2496
3934 2545
3935 2669
3936 2472
3937 1251
3938 2704
3939 2580
3940 2180
3941 3474
3942 657
3943 64
3944 114
3945 2755
3946 140
3947 3505
3948 2861
3949 3470
3950 1975
3951 3495
3952 3668
3953 966
3954 2506
3955 1162
3956 1215
3957 3084
3958 1543
3959 3342
3960 1508
3961 1401
3962 2641
3963 353
3964 2260
3965 1640
3966 394
3967 2156
3968 295
3969 187
3970 3403
3971 2050
3972 2546
3973 3788
3974 2198
3975 103
3976 1794
3977 1364
3978 1030
3979 3019
3980 40
3981 284
3982 3207
3983 1839
3984 1570
3985 1896
3986 1555
3987 2509
3988 2184
3989 1332
3990 1707
3991 3878
3992 573
3993 2605
3994 918
3995 1663
3996 2615
3997 612
3998 2116
3999 2917
4000 2263
4001 816
4002 1873
4003 1509
4004 2343
4005 2204
4006 3202
4007 518
4008 1942
4009 3601
4010 2659
4011 1177
4012 3322
4013 3456
4014 1327
4015 1094
4016 844
4017 1876
4018 3015
4019 1409
4020 897
4021 3831
4022 304
4023 3221
4024 2959
4025 1366
4026 3140
4027 3903
4028 1336
4029 1417
4030 2307
4031 599
4032 1062
4033 2817
4034 1280
4035 4017
4036 2014
4037 24
4038 2752
4039 2059
4040 3677
4041 2875
4042 3826
4043 3545
4044 2199
4045 2873
4046 2822
4047 1124
4048 2941
4049 2151
4050 1268
4051 458
4052 1873
4053 2945
4054 3321
4055 3995
4056 3663
4057 841
4058 2749
4059 3211
4060 100
4061 70
4062 868
4063 1204
4064 1692
4065 2051
4066 2254
4067 2503
4068 2992
4069 2786
4070 3647
4071 1858
4072 133
4073 2878
4074 3013
4075 315
4076 625
4077 2606
4078 2147
4079 3925
4080 3083
4081 1567
4082 394
4083 3264
4084 982
4085 3038
4086 1213
4087 2309
4088 1716
4089 2824
4090 741
4091 1114
4092 2683
4093 203
4094 2927
4095 1354
4096 3523
4097 824
4098 529
4099 3601
4100 3562
4101 58
4102 941
4103 3773
4104 1283
4105 1997
4106 1602
4107 1353
4108 830
4109 2358
4110 1214
4111 2250
4112 3248
4113 2056
4114 2254
4115 1779
4116 3701
4117 3720
4118 2204
4119 1967
4120 2567
4121 641
4122 1957
4123 2701
4124 2983
4125 3405
4126 2844
4127 721
4128 550
4129 3773
4130 953
4131 297
4132 1025
4133 3146
4134 2760
4135 2189
4136 1789
4137 1740
4138 122
4139 385
4140 2870
4141 2535
4142 1350
4143 3749
4144 1530
4145 2543
4146 2383
4147 1056
4148 633
4149 4065
4150 523
4151 1476
4152 2460
4153 3532
4154 1694
4155 1039
4156 1786
4157 2313
4158 121
4159 688
4160 3193
4161 2670
4162 806
4163 3248
4164 2116
4165 1416
4166 893
4167 3940
4168 3126
4169 92
4170 3073
4171 1160
4172 2868
4173 23
4174 2127
4175 3521
4176 1619
4177 386
4178 2918
4179 2663
4180 3857
4181 2936
4182 2541
4183 1048
4184 955
4185 2669
4186 2257
4187 1528
4188 1099
4189 1664
4190 2284
4191 4027
4192 1080
4193 636
4194 1777
4195 4042
4196 2163
4197 1853
4198 161
4199 1702
4200 1077
4201 1690
4202 1563
4203 2779
4204 3579
4205 2176
4206 749
4207 2476
4208 2673
4209 3818
4210 3398
4211 2450
4212 1904
4213 4082
4214 2557
4215 803
4216 2963
4217 2018
4218 2706
4219 1825
4220 3594
4221 1297
4222 2503
4223 665
4224 881
4225 4010
4226 368
4227 1250
4228 1405
4229 2637
4230 2441
4231 1211
4232 3380
4233 3626
4234 2006
4235 3211
4236 1604
4237 2603
4238 224
4239 692
4240 3017
4241 395
4242 68
4243 367
4244 270
4245 3646
4246 1680
4247 3004
4248 3171
4249 939
4250 93
4251 520
4252 2061
4253 2200
4254 2826
4255 3768
4256 1450
4257 2052
4258 973
4259 3244
4260 4203
4261 1323
4262 1489
4263 3552
4264 1412
4265 3510
4266 3176
4267 3443
4268 56
4269 1522
4270 2442
4271 1255
4272 3449
4273 364
4274 3619
4275 1806
4276 1258
4277 2902
4278 1767
4279 2978
4280 833
4281 3525
4282 4221
4283 1083
4284 3948
4285 2549
4286 2577
4287 192
4288 3902
4289 4072
4290 49
4291 2895
4292 2721
4293 3070
4294 3342
4295 3412
4296 3148
4297 390
4298 1575
4299 1540
4300 2651
4301 3987
4302 544
4303 1807
4304 635
4305 2379
4306 3384
4307 3517
4308 1095
4309 1622
4310 2832
4311 1474
4312 918
4313 2293
4314 2011
4315 3950
4316 649
4317 260
4318 140
4319 898
4320 3375
4321 50
4322 3090
4323 3793
4324 4168
4325 3130
4326 172
4327 1822
4328 949
4329 1404
4330 214
4331 839
4332 1385
4333 564
4334 3475
4335 925
4336 1142
4337 636
4338 3665
4339 3976
4340 1916
4341 2281
4342 2850
4343 1882
4344 2103
4345 1970
4346 256
4347 2197
4348 624
4349 930
4350 2723
4351 4016
4352 353
4353 3885
4354 2555
4355 819
4356 352
4357 3342
4358 1197
4359 826
4360 1131
4361 239
4362 660
4363 2388
4364 2029
4365 3359
4366 2814
4367 3550
4368 1719
4369 3038
4370 1524
4371 880
4372 1901
4373 3749
4374 1656
4375 464
4376 1551
4377 2679
4378 3197
4379 4337
4380 3040
4381 1225
4382 4232
4383 3828
4384 1544
4385 3817
4386 2357
4387 4357
4388 1384
4389 2749
4390 1851
4391 248
4392 1846
4393 3879
4394 2171
4395 2333
4396 529
4397 4046
4398 2054
4399 609
4400 604
4401 1732
4402 126
4403 1229
4404 2414
4405 2960
4406 1195
4407 2454
4408 3352
4409 2060
4410 1912
4411 2835
4412 1254
4413 4237
4414 3976
4415 2653
4416 3492
4417 4219
4418 1857
4419 1359
4420 286
4421 610
4422 1259
4423 2026
4424 1488
4425 3976
4426 382
4427 578
4428 2698
4429 2746
4430 769
4431 3056
4432 1078
4433 1576
4434 4275
4435 2403
4436 1657
4437 237
4438 649
4439 3614
4440 4009
4441 1689
4442 1936
4443 2942
4444 1890
4445 3889
4446 952
4447 2682
4448 2073
4449 731
4450 3516
4451 1605
4452 1420
4453 2442
4454 1198
4455 4319
4456 4218
4457 2361
4458 407
4459 2308
4460 288
4461 1333
4462 3738
4463 97
4464 2573
4465 4248
4466 1627
4467 2005
4468 3569
4469 3741
4470 493
4471 3966
4472 188
4473 4391
4474 2738
4475 764
4476 3165
4477 3134
4478 2585
4479 3205
4480 526
4481 3327
4482 2241
4483 1826
4484 782
4485 1144
4486 2411
4487 530
4488 935
4489 3521
4490 4090
4491 3327
4492 1163
4493 573
4494 4480
4495 2298
4496 4233
4497 315
4498 322
4499 4234
4500 3304
4501 898
4502 750
4503 306
4504 4135
4505 4381
4506 2150
4507 4449
4508 2342
4509 772
4510 2466
4511 1500
4512 123
4513 2053
4514 2215
4515 631
4516 427
4517 1232
4518 2553
4519 309
4520 2347
4521 3125
4522 4487
4523 2140
4524 138
4525 894
4526 1346
4527 1867
4528 4436
4529 4073
4530 1700
4531 3931
4532 3882
4533 1518
4534 1510
4535 1711
4536 4487
4537 2607
4538 2628
4539 746
4540 3164
4541 2688
4542 3926
4543 4454
4544 1262
4545 4330
4546 3214
4547 599
4548 2573
4549 477
4550 3377
4551 1690
4552 183
4553 1468
4554 1372
4555 780
4556 2748
4557 3874
4558 4106
4559 1997
4560 1356
4561 1502
4562 1088
4563 968
4564 2399
4565 272
4566 1556
4567 4501
4568 4368
4569 1087
4570 2730
4571 1995
4572 1002
4573 2021
4574 3213
4575 1826
4576 971
4577 3492
4578 4367
4579 1389
4580 1995
4581 2729
4582 4113
4583 71
4584 2147
4585 1413
4586 312
4587 4304
4588 3909
4589 1284
4590 2380
4591 3757
4592 1317
4593 4506
4594 4447
4595 1231
4596 1794
4597 2140
4598 4446
4599 1428
4600 1198
4601 4057
4602 1380
4603 3618
4604 2455
4605 1891
4606 1488
4607 598
4608 4309
4609 1016
4610 1694
4611 1448
4612 3060
4613 2358
4614 3740
4615 933
4616 1494
4617 1284
4618 3425
4619 3793
4620 360
4621 810
4622 1984
4623 1694
4624 4282
4625 1415
4626 2284
4627 701
4628 756
4629 3637
4630 1134
4631 1056
4632 1623
4633 3287
4634 2072
4635 2421
4636 4074
4637 4279
4638 998
4639 2231
4640 2314
4641 766
4642 2226
4643 2622
4644 1886
4645 1590
4646 4123
4647 1404
4648 1319
4649 2679
4650 207
4651 3744
4652 4301
4653 1006
4654 4624
4655 4587
4656 1659
4657 1463
4658 2820
4659 4455
4660 1163
4661 4658
4662 3488
4663 3847
4664 3832
4665 293
4666 4425
4667 219
4668 3768
4669 164
4670 3952
4671 581
4672 2836
4673 3227
4674 3699
4675 2759
4676 2105
4677 3407
4678 2217
4679 2819
4680 2662
4681 479
4682 2688
4683 1812
4684 4569
4685 2043
4686 1256
4687 1761
4688 1616
4689 4021
4690 1006
4691 1141
4692 3046
4693 1160
4694 345
4695 1472
4696 1867
4697 2699
4698 554
4699 4609
4700 651
4701 1649
4702 1434
4703 3203
4704 400
4705 469
4706 2613
4707 2973
4708 4137
4709 3683
4710 538
4711 1169
4712 864
4713 2179
4714 2375
4715 983
4716 612
4717 981
4718 3965
4719 175
4720 2282
4721 1843
4722 389
4723 1283
4724 2858
4725 4643
4726 4385
4727 3926
4728 4245
4729 1510
4730 2309
4731 2129
4732 969
4733 1119
4734 1056
4735 3865
4736 1883
4737 221
4738 2297
4739 4720
4740 2764
4741 2202
4742 3220
4743 1332
4744 1645
4745 4162
4746 3784
4747 313
4748 1144
4749 73
4750 1933
4751 149
4752 1055
4753 3768
4754 785
4755 3743
4756 4058
4757 4129
4758 2647
4759 859
4760 827
4761 2834
4762 4067
4763 1412
4764 311
4765 4361
4766 1880
4767 3133
4768 502
4769 3435
4770 4108
4771 3958
4772 3488
4773 2143
4774 91
4775 490
4776 3344
4777 2551
4778 779
4779 3092
4780 4056
4781 1782
4782 2208
4783 1735
4784 4079
4785 917
4786 1801
4787 3747
4788 1025
4789 2980
4790 1246
4791 2461
4792 3624
4793 266
4794 4606
4795 3327
4796 596
4797 3378
4798 2558
4799 4236
4800 1086
4801 4282
4802 508
4803 586
4804 419
4805 506
4806 3758
4807 3758
4808 2626
4809 4211
4810 2726
4811 2962
4812 1396
4813 2801
4814 1623
4815 191
4816 1365
4817 4159
4818 3109
4819 4010
4820 1851
4821 3340
4822 4465
4823 2439
4824 44
4825 422
4826 3367
4827 2562
4828 261
4829 3137
4830 4781
4831 2775
4832 4737
4833 3577
4834 889
4835 15
4836 4216
4837 2105
4838 2244
4839 3167
4840 4555
4841 3426
4842 607
4843 4003
4844 2407
4845 1172
4846 3808
4847 1867
4848 4594
4849 3453
4850 3381
4851 3774
4852 3245
4853 895
4854 1817
4855 3636
4856 790
4857 4024
4858 3668
4859 2030
4860 3551
4861 2723
4862 1791
4863 2889
4864 4294
4865 944
4866 3901
4867 1017
4868 3006
4869 4689
4870 1110
4871 3228
4872 4539
4873 499
4874 1593
4875 1206
4876 2477
4877 1074
4878 1461
4879 2711
4880 721
4881 4417
4882 492
4883 107
4884 3934
4885 2699
4886 2026
4887 2081
4888 2491
4889 2832
4890 1320
4891 1849
4892 4405
4893 1756
4894 127
4895 3748
4896 3183
4897 3982
4898 2871
4899 3816
4900 1298
4901 4317
4902 3813
4903 3204
4904 2163
4905 3951
4906 4479
4907 1462
4908 306
4909 2584
4910 2664
4911 2452
4912 1648
4913 2024
4914 3646
4915 4760
4916 3496
4917 1747
4918 1600
4919 4216
4920 1169
4921 1602
4922 4077
4923 303
4924 2357
4925 989
4926 3961
4927 1291
4928 833
4929 3166
4930 3631
4931 4119
4932 2422
4933 2747
4934 2922
4935 868
4936 2201
4937 4472
4938 3030
4939 2280
4940 3296
4941 1013
4942 2784
4943 1940
4944 1821
4945 4789
4946 3910
4947 4505
4948 1414
4949 3748
4950 3444
4951 2955
4952 2889
4953 12
4954 4262
4955 3346
4956 4478
4957 282
4958 1106
4959 4201
4960 3776
4961 656
4962 1461
4963 4197
4964 4802
4965 2229
4966 4700
4967 4182
4968 2835
4969 35
4970 23
4971 3191
4972 529
4973 1662
4974 946
4975 1112
4976 459
4977 663
4978 3262
4979 1172
4980 3306
4981 4938
4982 1846
4983 2655
4984 1466
4985 4141
4986 3468
4987 2968
4988 4508
4989 4283
4990 1391
4991 2253
4992 2685
4993 4622
4994 1613
4995 3243
4996 1423
4997 4908
4998 1318
4999 3508
5000 3954
5001 1473
5002 293
5003 1452
5004 1856
5005 4803
5006 3285
5007 2394
5008 3422
5009 1459
5010 4560
5011 2835
5012 2341
5013 3639
5014 3709
5015 4630
5016 4904
5017 4284
5018 830
5019 1277
5020 592
5021 4718
5022 1441
5023 1890
5024 4425
5025 4485
5026 4604
5027 2015
5028 747
5029 998
5030 1821
5031 1250
5032 2308
5033 269
5034 2964
5035 1640
5036 2383
5037 4718
5038 2448
5039 2864
5040 2003
5041 792
5042 4518
5043 1125
5044 3894
5045 4499
5046 4559
5047 2070
5048 4106
5049 2620
5050 2514
5051 3921
5052 3074
5053 4084
5054 3369
5055 2353
5056 4790
5057 3670
5058 4559
5059 2726
5060 2147
5061 776
5062 1634
5063 813
5064 3925
5065 965
5066 4183
5067 1081
5068 4475
5069 1559
5070 1457
5071 4901
5072 4691
5073 4636
5074 752
5075 883
5076 1886
5077 4052
5078 1437
5079 2609
5080 1183
5081 2722
5082 118
5083 2287
5084 472
5085 2208
5086 945
5087 4783
5088 4016
5089 3552
5090 808
5091 4687
5092 2961
5093 204
5094 2927
5095 3103
5096 1813
5097 2217
5098 1098
5099 4804
5100 4125
5101 743
5102 1288
5103 60
5104 168
5105 1173
5106 655
5107 4640
5108 4965
5109 1871
5110 4061
5111 833
5112 3627
5113 3432
5114 3174
5115 1223
5116 4519
5117 434
5118 1235
5119 3213
5120 2896
5121 2268
5122 470
5123 4015
5124 3982
5125 2269
5126 4855
5127 2608
5128 2347
5129 4648
5130 4396
5131 1719
5132 2851
5133 1257
5134 5100
5135 2869
5136 1481
5137 2127
5138 2473
5139 3070
5140 5139
5141 3074
5142 1658
5143 1923
5144 3539
5145 519
5146 1365
5147 2551
5148 3873
5149 585
5150 2726
5151 1713
5152 1983
5153 5001
5154 1128
5155 692
5156 5101
5157 4352
5158 2743
5159 470
5160 2873
5161 4310
5162 2500
5163 1330
5164 338
5165 42
5166 788
5167 4266
5168 3174
5169 3732
5170 2337
5171 521
5172 4593
5173 4023
5174 732
5175 4017
5176 3297
5177 1586
5178 2773
5179 4109
5180 4413
5181 995
5182 4121
5183 3898
5184 999
5185 4118
5186 1041
5187 2819
5188 1351
5189 4367
5190 5078
5191 407
5192 163
5193 92
5194 3244
5195 2394
5196 1838
5197 2027
5198 2961
5199 4792
5200 5119
5201 984
5202 1920
5203 4484
5204 4969
5205 3350
5206 4585
5207 4837
5208 33
5209 1992
5210 1574
5211 3313
5212 3830
5213 3212
5214 1227
5215 3240
5216 4727
5217 2686
5218 1590
5219 221
5220 4047
5221 1942
5222 2740
5223 1305
5224 346
5225 3764
5226 5209
5227 3899
5228 1789
5229 1715
5230 588
5231 2612
5232 2836
5233 1900
5234 3054
5235 2308
5236 1952
5237 672
5238 3925
5239 3876
5240 1257
5241 1189
5242 2445
5243 1174
5244 4756
5245 2382
5246 4649
5247 1076
5248 2431
5249 1077
5250 3539
5251 2776
5252 476
5253 1438
5254 3113
5255 4658
5256 235
5257 4588
5258 2374
5259 3215
5260 3606
5261 1573
5262 1256
5263 118
5264 4937
5265 1181
5266 3829
5267 2995
5268 3417
5269 4085
5270 3012
5271 5179
5272 2838
5273 1288
5274 3278
5275 545
5276 2409
5277 1877
5278 3290
5279 3378
5280 3282
5281 1660
5282 1148
5283 2886
5284 2309
5285 213
5286 382
5287 5188
5288 1184
5289 1632
5290 2378
5291 2858
5292 616
5293 4174
5294 2012
5295 134
5296 1704
5297 2776
5298 32
5299 4963
5300 1033
5301 1968
5302 4225
5303 653
5304 1911
5305 5053
5306 397
5307 3908
5308 618
5309 2358
5310 302
5311 3575
5312 562
5313 3163
5314 221
5315 3482
5316 409
5317 716
5318 3330
5319 3020
5320 393
5321 3655
5322 4233
5323 1022
5324 2335
5325 610
5326 2639
5327 4945
5328 3534
5329 1450
5330 357
5331 930
5332 1945
5333 3144
5334 3930
5335 3086
5336 849
5337 4374
5338 340
5339 5318
5340 704
5341 3689
5342 4902
5343 2585
5344 1765
5345 761
5346 1439
5347 802
5348 2988
5349 1400
5350 2541
5351 4240
5352 3570
5353 1986
5354 1847
5355 3726
5356 2960
5357 861
5358 4758
5359 173
5360 5359
5361 4447
5362 1587
5363 3194
5364 4950
5365 4278
5366 1751
5367 2442
5368 459
5369 4863
5370 3668
5371 4791
5372 3930
5373 2677
5374 1395
5375 1524
5376 1070
5377 1248
5378 5157
5379 623
5380 1446
5381 2364
5382 2627
5383 4224
5384 2319
5385 2926
5386 702
5387 1549
5388 658
5389 4523
5390 2199
5391 3885
5392 4646
5393 4594
5394 2421
5395 5223
5396 5275
5397 5273
5398 1757
5399 4372
5400 4915
5401 3198
5402 1108
5403 526
5404 5186
5405 3726
5406 368
5407 1815
5408 2346
5409 3357
5410 4527
5411 3477
5412 4784
5413 1686
5414 932
5415 3990
5416 5327
5417 2079
5418 4893
5419 2594
5420 2232
5421 826
5422 2820
5423 3757
5424 696
5425 2065
5426 1145
5427 2707
5428 282
5429 4220
5430 294
5431 2650
5432 1872
5433 4042
5434 5358
5435 3806
5436 2609
5437 3731
5438 5326
5439 1449
5440 876
5441 2028
5442 1181
5443 2125
5444 2844
5445 4991
5446 648
5447 901
5448 5220
5449 2460
5450 4338
5451 2289
5452 2224
5453 907
5454 2334
5455 5182
5456 2530
5457 1808
5458 4302
5459 3224
5460 4895
5461 2346
5462 3765
5463 3585
5464 5236
5465 2679
5466 3672
5467 2500
5468 2198
5469 5449
5470 3411
5471 987
5472 3745
5473 4781
5474 2750
5475 4482
5476 1032
5477 1743
5478 3227
5479 2291
5480 2939
5481 3735
5482 3961
5483 5000
5484 837
5485 3803
5486 1285
5487 2561
5488 4880
5489 1231
5490 5401
5491 1387
5492 3998
5493 2132
5494 1830
5495 5467
5496 1927
5497 3484
5498 2228
5499 2998
5500 4196
5501 2919
5502 3893
5503 3845
5504 1849
5505 3673
5506 4213
5507 3923
5508 297
5509 4455
5510 5087
5511 236
5512 5364
5513 4053
5514 4691
5515 3049
5516 495
5517 103
5518 130
5519 3316
5520 5513
5521 957
5522 5324
5523 815
5524 1657
5525 3513
5526 3979
5527 4522
5528 1613
5529 2910
5530 5217
5531 9
5532 3668
5533 4567
5534 2195
5535 3221
5536 721
5537 5330
5538 471
5539 1136
5540 4046
5541 1206
5542 5357
5543 1434
5544 4800
5545 3959
5546 1092
5547 3653
5548 229
5549 39
5550 1517
5551 5547
5552 1824
5553 2284
5554 1066
5555 1712
5556 299
5557 5511
5558 182
5559 1634
5560 4012
5561 5030
5562 4539
5563 478
5564 3271
5565 347
5566 1392
5567 3525
5568 4624
5569 3184
5570 353
5571 3922
5572 1722
5573 1126
5574 2168
5575 169
5576 83
5577 2003
5578 5036
5579 4400
5580 1980
5581 5433
5582 2073
5583 2945
5584 1992
5585 3673
5586 1220
5587 961
5588 2560
5589 3495
5590 3135
5591 299
5592 2415
5593 1152
5594 1116
5595 3313
5596 1078
5597 4599
5598 4840
5599 5431
5600 910
5601 4970
5602 1853
5603 1537
5604 2577
5605 1871
5606 4425
5607 1690
5608 1196
5609 4331
5610 5179
5611 3157
5612 4742
5613 484
5614 2621
5615 4946
5616 3617
5617 1698
5618 837
5619 889
5620 1004
5621 5610
5622 5456
5623 5601
5624 1695
5625 1378
5626 245
5627 850
5628 2660
5629 463
5630 5006
5631 1977
5632 660
5633 4918
5634 1845
5635 2872
5636 3796
5637 5007
5638 2246
5639 254
5640 691
5641 4263
5642 1765
5643 4592
5644 469
5645 5482
5646 3391
5647 662
5648 5343
5649 3794
5650 719
5651 111
5652 1904
5653 4424
5654 80
5655 5244
5656 1376
5657 1335
5658 3537
5659 5068
5660 3080
5661 783
5662 5229
5663 2178
5664 3747
5665 359
5666 2036
5667 30
5668 4
5669 1015
5670 2337
5671 686
5672 3496
5673 2227
5674 5287
5675 2384
5676 5169
5677 1807
5678 3269
5679 5418
5680 4958
5681 3262
5682 1163
5683 2996
5684 3810
5685 5459
5686 3076
5687 517
5688 4666
5689 4006
5690 3291
5691 5037
5692 1367
5693 716
5694 2429
5695 304
5696 1311
5697 5596
5698 43
5699 1872
5700 1293
5701 3995
5702 2929
5703 1814
5704 2531
5705 3097
5706 1492
5707 5417
5708 445
5709 2370
5710 5515
5711 3882
5712 3127
5713 4170
5714 5639
5715 3492
5716 4671
5717 3428
5718 335
5719 15
5720 5128
5721 4176
5722 3857
5723 5650
5724 4475
5725 1845
5726 1107
5727 2614
5728 5432
5729 2091
5730 370
5731 1804
5732 4903
5733 4337
5734 757
5735 1045
5736 4295
5737 1754
5738 5288
5739 2477
5740 4288
5741 3301
5742 2829
5743 1
5744 2995
5745 3350
5746 1632
5747 2098
5748 2376
5749 4742
5750 3853
5751 4825
5752 2524
5753 862
5754 4022
5755 5414
5756 2704
5757 3956
5758 1178
5759 1584
5760 4837
5761 4061
5762 1092
5763 2198
5764 300
5765 2085
5766 5297
5767 3427
5768 2994
5769 1115
5770 4310
5771 5380
5772 5646
5773 4206
5774 3360
5775 1913
5776 1175
5777 5681
5778 3507
5779 1500
5780 188
5781 711
5782 1726
5783 5164
5784 4886
5785 372
5786 367
5787 68
5788 911
5789 1678
5790 1918
5791 4416
5792 2984
5793 4573
5794 3284
5795 3874
5796 3849
5797 3175
5798 2402
5799 274
5800 5343
5801 4528
5802 4650
5803 4914
5804 2095
5805 5184
5806 1847
5807 2994
5808 2383
5809 4838
5810 2042
5811 3574
5812 497
5813 3742
5814 90
5815 3931
5816 739
5817 4948
5818 4779
5819 5696
5820 3122
5821 141
5822 4730
5823 2253
5824 2819
5825 4072
5826 4432
5827 3958
5828 2058
5829 3406
5830 1503
5831 1609
5832 1403
5833 3325
5834 917
5835 4820
5836 5044
5837 4710
5838 3876
5839 2896
5840 5312
5841 4439
5842 2649
5843 5444
5844 1522
5845 578
5846 3738
5847 5343
5848 3352
5849 4173
5850 1546
5851 4357
5852 5227
5853 1560
5854 2565
5855 1414
5856 4049
5857 4515
5858 1544
5859 2645
5860 4610
5861 1236
5862 4631
5863 494
5864 5520
5865 4860
5866 2600
5867 374
5868 262
5869 613
5870 4668
5871 3021
5872 3358
5873 4447
5874 2193
5875 3761
5876 3760
5877 1775
5878 69
5879 3488
5880 3962
5881 179
5882 5792
5883 3956
5884 3828
5885 5415
5886 5517
5887 3695
5888 1826
5889 1327
5890 1207
5891 3418
5892 16
5893 1103
5894 4060
5895 1400
5896 3613
5897 3176
5898 33
5899 4001
5900 4343
5901 5527
5902 5312
5903 1195
5904 1267
5905 3814
5906 5110
5907 1361
5908 829
5909 1988
5910 5185
5911 2197
5912 3991
5913 3780
5914 2992
5915 4046
5916 5857
5917 5010
5918 2667
5919 1287
5920 3439
5921 368
5922 481
5923 3680
5924 3050
5925 3830
5926 2599
5927 3933
5928 1793
5929 111
5930 1908
5931 2149
5932 4956
5933 2368
5934 1376
5935 761
5936 353
5937 4220
5938 5104
5939 3585
5940 2924
5941 3341
5942 201
5943 1551
5944 2831
5945 24
5946 3193
5947 2118
5948 2941
5949 4971
5950 1885
5951 1575
5952 2785
5953 2747
5954 1578
5955 1479
5956 2283
5957 2888
5958 4073
5959 246
5960 4949
5961 2386
5962 2482
5963 20
5964 213
5965 436
5966 4468
5967 469
5968 1956
5969 5947
5970 5044
5971 3816
5972 2050
5973 4898
5974 326
5975 3344
5976 5597
5977 3861
5978 4012
5979 1018
5980 5682
5981 5048
5982 2250
5983 4300
5984 1990
5985 207
5986 1
5987 1925
5988 4877
5989 1354
5990 2973
5991 3915
5992 4831
5993 420
5994 1664
5995 5051
5996 3910
5997 1633
5998 1619
5999 292
6000 4352
6001 1069
6002 1295
6003 5825
6004 4128
6005 320
6006 582
6007 571
6008 1010
6009 2402
6010 3925
6011 4316
6012 5810
6013 3253
6014 889
6015 2362
6016 43
6017 466
6018 3069
6019 4584
6020 1893
6021 2333
6022 4579
6023 5372
6024 4844
6025 565
6026 2818
6027 5407
6028 3084
6029 5312
6030 1678
6031 2132
6032 4267
6033 1290
6034 4722
6035 980
6036 414
6037 2738
6038 2155
6039 4620
6040 4965
6041 3479
6042 5895
6043 545
6044 3912
6045 1053
6046 3234
6047 81
6048 896
6049 2217
6050 3311
6051 4577
6052 5633
6053 5793
6054 4524
6055 1802
6056 3496
6057 120
6058 1478
6059 1972
6060 1590
6061 2924
6062 5339
6063 4083
6064 2641
6065 2076
6066 2851
6067 484
6068 62
6069 4168
6070 3009
6071 842
6072 1731
6073 3090
6074 129
6075 2265
6076 2333
6077 1098
6078 449
6079 1984
6080 2774
6081 3145
6082 1487
6083 1370
6084 2870
6085 4061
6086 3144
6087 4532
6088 4011
6089 2076
6090 1858
6091 5583
6092 5023
6093 755
6094 3690
6095 3706
6096 4700
6097 2625
6098 276
6099 4758
6100 5638
6101 6085
6102 5132
6103 1313
6104 373
6105 1629
6106 4618
6107 288
6108 1521
6109 4556
6110 3768
6111 4207
6112 3157
6113 2702
6114 5418
6115 576
6116 2103
6117 5128
6118 2186
6119 3202
6120 2418
6121 1070
6122 4676
6123 4174
6124 1189
6125 5536
6126 3395
6127 4558
6128 948
6129 5309
6130 3382
6131 6055
6132 3300
6133 5844
6134 2927
6135 5691
6136 5571
6137 4061
6138 6074
6139 4950
6140 4259
6141 3888
6142 588
6143 5159
6144 5303
6145 3813
6146 4291
6147 4184
6148 2574
6149 3468
6150 5398
6151 3825
6152 2341
6153 5710
6154 914
6155 4971
6156 4993
6157 4536
6158 1545
6159 4282
6160 1152
6161 1035
6162 611
6163 3032
6164 5025
6165 1128
6166 1350
6167 5787
6168 615
6169 575
6170 4178
6171 3796
6172 3416
6173 4528
6174 4201
6175 1070
6176 2607
6177 145
6178 1042
6179 494
6180 4449
6181 3342
6182 4738
6183 4971
6184 2663
6185 1353
6186 224
6187 5231
6188 5368
6189 5011
6190 5761
6191 1217
6192 5000
6193 2131
6194 58
6195 5700
6196 4856
6197 5828
6198 2647
6199 3739
6200 1827
6201 4988
6202 5537
6203 4374
6204 250
6205 5140
6206 3441
6207 4006
6208 5701
6209 3753
6210 3902
6211 2587
6212 2182
6213 5697
6214 790
6215 2265
6216 2282
6217 554
6218 866
6219 1693
6220 1598
6221 2714
6222 578
6223 5380
6224 3616
6225 2121
6226 4456
6227 1139
6228 5254
6229 2862
6230 4829
6231 6177
6232 4204
6233 2310
6234 5154
6235 193
6236 2817
6237 1003
6238 2393
6239 5995
6240 4960
6241 3318
6242 3262
6243 4241
6244 2023
6245 1390
6246 6199
6247 2061
6248 4679
6249 4418
6250 3984
6251 1862
6252 2031
6253 925
6254 4406
6255 929
6256 938
6257 5677
6258 6080
6259 450
6260 3388
6261 4580
6262 5838
6263 4781
6264 460
6265 505
6266 1712
6267 1970
6268 2266
6269 2470
6270 139
6271 1754
6272 3954
6273 6187
6274 5842
6275 5995
6276 1347
6277 1131
6278 1299
6279 498
6280 498
6281 5813
6282 223
6283 1128
6284 2181
6285 5455
6286 566
6287 1711
6288 1086
6289 111
6290 6173
6291 2502
6292 2993
6293 1363
6294 2096
6295 5891
6296 3428
6297 3701
6298 3049
6299 2670
6300 4490
6301 5229
6302 463
6303 838
6304 2408
6305 2377
6306 5648
6307 3280
6308 1925
6309 349
6310 1105
6311 924
6312 1978
6313 4141
6314 4328
6315 1224
6316 2671
6317 2651
6318 2607
6319 29
6320 656
6321 5859
6322 3672
6323 2539
6324 6083
6325 3939
6326 6163
6327 2106
6328 1068
6329 1808
6330 3888
6331 2609
6332 106
6333 1740
6334 4547
6335 1833
6336 714
6337 5788
6338 5325
6339 815
6340 3865
6341 4847
6342 2653
6343 1512
6344 5235
6345 5112
6346 4655
6347 4776
6348 640
6349 1461
6350 99
6351 6121
6352 4180
6353 1430
6354 5829
6355 4090
6356 2453
6357 2937
6358 2300
6359 3439
6360 5738
6361 2784
6362 1947
6363 1747
6364 280
6365 5885
6366 5851
6367 3885
6368 316
6369 89
6370 2185
6371 1511
6372 4285
6373 3850
6374 2973
6375 2609
6376 3033
6377 5747
6378 251
6379 2634
6380 4324
6381 2644
6382 4941
6383 5729
6384 1121
6385 1008
6386 3737
6387 5907
6388 4551
6389 2181
6390 2701
6391 199
6392 2419
6393 1437
6394 4221
6395 2710
6396 3824
6397 4018
6398 310
6399 746
6400 5309
6401 110
6402 3228
6403 170
6404 609
6405 2204
6406 1430
6407 4139
6408 3998
6409 2698
6410 1101
6411 2749
6412 983
6413 2420
6414 5685
6415 6332
6416 5249
6417 1825
6418 6368
6419 5199
6420 3263
6421 156
6422 4644
6423 2752
6424 3877
6425 2910
6426 464
6427 1219
6428 2334
6429 1749
6430 440
6431 3227
6432 4648
6433 4254
6434 5370
6435 6338
6436 319
6437 1181
6438 3884
6439 1712
6440 898
6441 5134
6442 2849
6443 5505
6444 1354
6445 2893
6446 4017
6447 5165
6448 4637
6449 453
6450 3272
6451 3727
6452 1306
6453 4470
6454 225
6455 5561
6456 4873
6457 4049
6458 3061
6459 1198
6460 3040
6461 5195
6462 4002
6463 1641
6464 4454
6465 3759
6466 5022
6467 3222
6468 5532
6469 5564
6470 3798
6471 4430
6472 3912
6473 1311
6474 233
6475 5151
6476 6108
6477 4873
6478 3787
6479 5962
6480 4870
6481 2816
6482 1839
6483 5664
6484 4596
6485 1804
6486 1859
6487 2669
6488 4394
6489 1201
6490 3513
6491 5079
6492 6341
6493 1527
6494 395
6495 1652
6496 2983
6497 112
6498 2025
6499 1841
6500 639
6501 5038
6502 1624
6503 2027
6504 2054
6505 2520
6506 3840
6507 5399
6508 6015
6509 2938
6510 5102
6511 5931
6512 3810
6513 2551
6514 5629
6515 6513
6516 5251
6517 2314
6518 3195
6519 1580
6520 4774
6521 1835
6522 2555
6523 3987
6524 1623
6525 5492
6526 1282
6527 5965
6528 5506
6529 6383
6530 1431
6531 1644
6532 4029
6533 3737
6534 6032
6535 5392
6536 4203
6537 4523
6538 1659
6539 2231
6540 1666
6541 1256
6542 4565
6543 422
6544 5556
6545 3699
6546 2485
6547 12
6548 3127
6549 5042
6550 4688
6551 4152
6552 4767
6553 1858
6554 5630
6555 2705
6556 5213
6557 4973
6558 6486
6559 4317
6560 5519
6561 4400
6562 1949
6563 2611
6564 1450
6565 4320
6566 5692
6567 6161
6568 6322
6569 1295
6570 6003
6571 3805
6572 4720
6573 5096
6574 1685
6575 812
6576 6335
6577 4971
6578 4175
6579 5710
6580 2204
6581 2283
6582 2339
6583 6162
6584 5165
6585 2913
6586 6017
6587 2750
6588 5593
6589 4078
6590 3862
6591 508
6592 2235
6593 5662
6594 3733
6595 5607
6596 380
6597 2139
6598 4617
6599 3704
6600 3132
6601 4792
6602 5629
6603 5969
6604 2513
6605 297
6606 3472
6607 5583
6608 2954
6609 4401
6610 6534
6611 5149
6612 5932
6613 3609
6614 3709
6615 1505
6616 2786
6617 1470
6618 1229
6619 6352
6620 4824
6621 3625
6622 6333
6623 2166
6624 4072
6625 6114
6626 5329
6627 4573
6628 1009
6629 5526
6630 6483
6631 6112
6632 3594
6633 5682
6634 679
6635 4973
6636 274
6637 3925
6638 3968
6639 5191
6640 2620
6641 1011
6642 6526
6643 4670
6644 189
6645 4160
6646 5401
6647 5401
6648 696
6649 605
6650 1143
6651 1922
6652 3635
6653 2108
6654 2824
6655 2234
6656 818
6657 6514
6658 3814
6659 5018
6660 882
6661 5128
6662 2968
6663 3961
6664 5976
6665 1594
6666 1562
6667 4074
6668 526
6669 501
6670 3948
6671 6066
6672 3544
6673 6092
6674 4788
6675 875
6676 3358
6677 3320
6678 5216
6679 147
6680 600
6681 3535
6682 5667
6683 3288
6684 1290
6685 2347
6686 1380
6687 6079
6688 15
6689 3953
6690 6119
6691 2781
6692 6509
6693 366
6694 5137
6695 928
6696 5747
6697 5539
6698 1137
6699 1422
6700 858
6701 659
6702 3580
6703 452
6704 3735
6705 4950
6706 5382
6707 3235
6708 3432
6709 5770
6710 4344
6711 4442
6712 6456
6713 669
6714 5618
6715 4698
6716 4785
6717 1060
6718 2967
6719 6606
6720 2858
6721 6503
6722 2790
6723 489
6724 2012
6725 335
6726 2903
6727 3710
6728 6615
6729 6158
6730 6655
6731 1855
6732 1609
6733 893
6734 996
6735 5340
6736 6312
6737 1320
6738 602
6739 5525
6740 5778
6741 215
6742 6328
6743 2915
6744 4165
6745 2109
6746 1788
6747 1757
6748 2354
6749 2146
6750 236
6751 3459
6752 5414
6753 2534
6754 3530
6755 2281
6756 184
6757 2570
6758 470
6759 5496
6760 5668
6761 2464
6762 3525
6763 2319
6764 5787
6765 1415
6766 4664
6767 2555
6768 4974
6769 686
6770 6761
6771 4953
6772 1029
6773 3515
6774 6550
6775 3722
6776 2144
6777 6557
6778 6652
6779 301
6780 3178
6781 3775
6782 5418
6783 3190
6784 3652
6785 2210
6786 3808
6787 729
6788 1750
6789 3188
6790 1627
6791 6313
6792 3805
6793 6667
6794 5695
6795 5319
6796 1574
6797 1753
6798 6524
6799 4949
6800 3418
6801 2378
6802 873
6803 4883
6804 6274
6805 5228
6806 5944
6807 1367
6808 2376
6809 2795
6810 1991
6811 1024
6812 3291
6813 2347
6814 3955
6815 6379
6816 322
6817 4110
6818 6031
6819 959
6820 5731
6821 3414
6822 2946
6823 2768
6824 6054
6825 5534
6826 6824
6827 4581
6828 6645
6829 5307
6830 3333
6831 3261
6832 2195
6833 680
6834 6569
6835 3521
6836 188
6837 5460
6838 6650
6839 5689
6840 4120
6841 2427
6842 6498
6843 2834
6844 5602
6845 2458
6846 2712
6847 3416
6848 6696
6849 1335
6850 1440
6851 278
6852 6658
6853 6363
6854 746
6855 3320
6856 6360
6857 513
6858 1473
6859 2603
6860 1125
6861 3247
6862 3478
6863 1220
6864 4073
6865 6701
6866 4413
6867 853
6868 5566
6869 4873
6870 1528
6871 3107
6872 1606
6873 6599
6874 5286
6875 171
6876 1741
6877 6445
6878 2938
6879 5088
6880 6385
6881 1045
6882 1094
6883 1235
6884 2064
6885 5794
6886 5245
6887 4727
6888 4646
6889 362
6890 3104
6891 6014
6892 3404
6893 3642
6894 1244
6895 580
6896 5444
6897 6236
6898 6023
6899 2964
6900 3637
6901 2841
6902 1456
6903 3545
6904 2766
6905 5148
6906 2238
6907 432
6908 6054
6909 640
6910 4565
6911 1797
6912 2373
6913 4941
6914 2175
6915 954
6916 5902
6917 551
6918 2905
6919 1871
6920 2178
6921 2083
6922 4242
6923 4630
6924 3683
6925 4566
6926 1424
6927 6761
6928 4211
6929 6367
6930 6833
6931 5936
6932 3964
6933 1924
6934 1670
6935 3904
6936 1020
6937 2285
6938 5321
6939 6441
6940 705
6941 2019
6942 6928
6943 3351
6944 1610
6945 6449
6946 2627
6947 4899
6948 5342
6949 6032
6950 5517
6951 5022
6952 3789
6953 3225
6954 5810
6955 1143
6956 3442
6957 3220
6958 5623
6959 900
6960 1116
6961 431
6962 5828
6963 6148
6964 2016
6965 6852
6966 95
6967 85
6968 216
6969 6234
6970 3862
6971 2734
6972 770
6973 1583
6974 5887
6975 818
6976 3375
6977 5491
6978 4016
6979 2548
6980 396
6981 5151
6982 1982
6983 5866
6984 1129
6985 320
6986 3741
6987 4576
6988 163
6989 657
6990 3131
6991 3498
6992 3571
6993 217
6994 2746
6995 1195
6996 3302
6997 6856
6998 1445
6999 5676
7000 5874
7001 4563
7002 4889
7003 3424
7004 4738
7005 126
7006 4179
7007 5058
7008 5942
7009 5768
7010 945
7011 1591
7012 1368
7013 1166
7014 886
7015 4858
7016 1801
7017 1504
7018 58
7019 5459
7020 2827
7021 3111
7022 5570
7023 29
7024 5615
7025 3400
7026 2769
7027 4480
7028 1992
7029 5256
7030 26
7031 4689
7032 5311
7033 3233
7034 2968
7035 2663
7036 4898
7037 6786
7038 6345
7039 6697
7040 5068
7041 4699
7042 3878
7043 2647
7044 2076
7045 3329
7046 4561
7047 4514
7048 6416
7049 4534
7050 6465
7051 4363
7052 2386
7053 3159
7054 5914
7055 616
7056 1511
7057 89
7058 3755
7059 2749
7060 4659
7061 6405
7062 3277
7063 494
7064 139
7065 4374
7066 4341
7067 740
7068 3393
7069 722
7070 3070
7071 1628
7072 6559
7073 1462
7074 1468
7075 1159
7076 6711
7077 4334
7078 5982
7079 5755
7080 6496
7081 1371
7082 5264
7083 5425
7084 5993
7085 2749
7086 782
7087 6749
7088 3800
7089 4491
7090 2757
7091 4956
7092 1642
7093 4728
7094 617
7095 3151
7096 5678
7097 4302
7098 4312
7099 1102
7100 2888
7101 4705
7102 1155
7103 5759
7104 4213
7105 6924
7106 5478
7107 808
7108 655
7109 4243
7110 1239
7111 6394
7112 2712
7113 4432
7114 4631
7115 1914
7116 1789
7117 549
7118 5140
7119 3384
7120 1376
7121 726
7122 1242
7123 4090
7124 1162
7125 2776
7126 3406
7127 146
7128 4509
7129 3532
7130 4651
7131 3374
7132 6000
7133 4207
7134 6858
7135 3485
7136 5741
7137 6710
7138 3145
7139 6331
7140 1903
7141 4730
7142 4655
7143 5313
7144 6108
7145 5591
7146 47
7147 1694
7148 3566
7149 3325
7150 1185
7151 2526
7152 3582
7153 5842
7154 249
7155 3303
7156 1973
7157 1400
7158 3995
7159 180
7160 648
7161 4504
7162 1975
7163 2559
7164 110
7165 6522
7166 4015
7167 1663
7168 1770
7169 5103
7170 3807
7171 3423
7172 4015
7173 4610
7174 1204
7175 3375
7176 5562
7177 6828
7178 4877
7179 2821
7180 6843
7181 2623
7182 3054
7183 4137
7184 1478
7185 5419
7186 3460
7187 1920
7188 3542
7189 358
7190 3550
7191 5339
7192 6855
7193 3161
7194 1339
7195 1040
7196 6918
7197 2908
7198 1663
7199 999
7200 3458
7201 765
7202 4020
7203 6967
7204 6901
7205 4117
7206 6576
7207 360
7208 738
7209 633
7210 2983
7211 1751
7212 6927
7213 5348
7214 937
7215 2286
7216 5507
7217 1866
7218 1035
7219 1198
7220 7007
7221 4858
7222 2758
7223 1730
7224 1575
7225 5790
7226 439
7227 6050
7228 1252
7229 4669
7230 4291
7231 1214
7232 1828
7233 6962
7234 6172
7235 5506
7236 5336
7237 1615
7238 838
7239 2203
7240 1960
7241 3897
7242 3147
7243 5547
7244 1393
7245 2613
7246 4334
7247 6397
7248 384
7249 2595
7250 1105
7251 3227
7252 4605
7253 7247
7254 2314
7255 2003
7256 3512
7257 2272
7258 2051
7259 4781
7260 3348
7261 7099
7262 3507
7263 748
7264 5086
7265 4369
7266 951
7267 5329
7268 7109
7269 6825
7270 4575
7271 682
7272 942
7273 935
7274 3961
7275 1480
7276 6916
7277 7164
7278 1612
7279 527
7280 1702
7281 3516
7282 3906
7283 4887
7284 6790
7285 5336
7286 4498
7287 1869
7288 5379
7289 5169
7290 7063
7291 5836
7292 6961
7293 2917
7294 1909
7295 2545
7296 6345
7297 5101
7298 3125
7299 1800
7300 3536
7301 20
7302 5916
7303 240
7304 2632
7305 2134
7306 5576
7307 4977
7308 7190
7309 6565
7310 4253
7311 174
7312 5323
7313 7138
7314 2082
7315 6359
7316 2992
7317 4483
7318 105
7319 7199
7320 2914
7321 555
7322 5704
7323 1439
7324 1064
7325 5180
7326 7127
7327 910
7328 2896
7329 2862
7330 4228
7331 3590
7332 5172
7333 3835
7334 160
7335 5438
7336 1550
7337 3098
7338 1804
7339 3191
7340 1827
7341 1964
7342 4038
7343 4630
7344 6495
7345 3408
7346 371
7347 3170
7348 686
7349 4824
7350 2171
7351 1920
7352 5114
7353 6457
7354 2889
7355 4300
7356 1680
7357 3995
7358 1062
7359 2991
7360 7349
7361 5856
7362 214
7363 3846
7364 6705
7365 3779
7366 3309
7367 912
7368 1321
7369 316
7370 1038
7371 3904
7372 4201
7373 4717
7374 496
7375 7123
7376 3063
7377 3911
7378 1624
7379 3692
7380 1456
7381 5690
7382 2142
7383 3984
7384 5442
7385 3181
7386 3835
7387 3612
7388 1232
7389 5438
7390 7362
7391 4537
7392 6613
7393 6547
7394 1453
7395 3332
7396 7365
7397 6864
7398 4435
7399 5621
7400 1629
7401 786
7402 3289
7403 7107
7404 1081
7405 3460
7406 740
7407 5691
7408 5047
7409 4543
7410 6657
7411 4762
7412 2338
7413 11
7414 5268
7415 5027
7416 3350
7417 1328
7418 2378
7419 1852
7420 5857
7421 4468
7422 1358
7423 5019
7424 3357
7425 6215
7426 4013
7427 3979
7428 197
7429 5473
7430 1807
7431 2372
7432 1296
7433 5152
7434 7433
7435 3387
7436 6229
7437 866
7438 3989
7439 7275
7440 1580
7441 3033
7442 7085
7443 3545
7444 4048
7445 1138
7446 3032
7447 7336
7448 4172
7449 2362
7450 6773
7451 2733
7452 125
7453 1635
7454 709
7455 1595
7456 2914
7457 6135
7458 4589
7459 7174
7460 4647
7461 3375
7462 2508
7463 2819
7464 1529
7465 2252
7466 193
7467 799
7468 892
7469 2342
7470 2818
7471 2868
7472 1453
7473 7128
7474 2910
7475 3581
7476 1456
7477 2228
7478 1046
7479 5062
7480 3784
7481 2633
7482 3994
7483 2488
7484 6207
7485 4915
7486 5811
7487 4402
7488 2507
7489 5209
7490 6764
7491 5113
7492 5191
7493 7146
7494 1737
7495 6903
7496 1649
7497 5650
7498 2467
7499 1028
7500 1116
7501 3157
7502 3280
7503 6739
7504 3142
7505 948
7506 3869
7507 1449
7508 3279
7509 4739
7510 6532
7511 1746
7512 1344
7513 3279
7514 2415
7515 4736
7516 4169
7517 2909
7518 455
7519 4041
7520 7327
7521 1117
7522 5724
7523 4637
7524 6281
7525 6422
7526 7219
7527 4905
7528 4785
7529 7486
7530 7404
7531 5592
7532 7118
7533 1363
7534 5857
7535 742
7536 6620
7537 6707
7538 7018
7539 5729
7540 379
7541 7335
7542 1754
7543 2390
7544 6387
7545 2408
7546 5886
7547 1044
7548 6998
7549 7441
7550 1891
7551 6010
7552 4963
7553 1817
7554 3606
7555 6139
7556 1311
7557 70
7558 5438
7559 1833
7560 1040
7561 3781
7562 3926
7563 1537
7564 6734
7565 148
7566 2961
7567 6644
7568 4667
7569 5683
7570 6091
7571 1253
7572 6678
7573 2375
7574 1401
7575 1963
7576 7009
7577 5831
7578 1081
7579 3977
7580 2879
7581 880
7582 1899
7583 463
7584 4153
7585 3153
7586 6048
7587 2136
7588 3631
7589 248
7590 2602
7591 1607
7592 2126
7593 7444
7594 1234
7595 6904
7596 3902
7597 4246
7598 85
7599 111
7600 2465
7601 2061
7602 224
7603 5612
7604 7588
7605 3061
7606 2586
7607 67
7608 3549
7609 6126
7610 2358
7611 4503
7612 6585
7613 5282
7614 3035
7615 5212
7616 3375
7617 4213
7618 7520
7619 1810
7620 623
7621 736
7622 1797
7623 823
7624 921
7625 2644
7626 4112
7627 4894
7628 4815
7629 469
7630 1012
7631 1464
7632 7539
7633 7028
7634 3920
7635 5765
7636 2814
7637 7106
7638 7479
7639 5032
7640 5854
7641 3274
7642 6568
7643 203
7644 5973
7645 1844
7646 3380
7647 155
7648 138
7649 4408
7650 3625
7651 5514
7652 4419
7653 3307
7654 1960
7655 7099
7656 4579
7657 4682
7658 743
7659 226
7660 7192
7661 5135
7662 4158
7663 1594
7664 6389
7665 475
7666 6191
7667 3715
7668 7545
7669 5843
7670 2493
7671 6299
7672 1516
7673 1519
7674 3081
7675 2556
7676 7457
7677 1456
7678 7494
7679 3455
7680 7297
7681 2584
7682 292
7683 6195
7684 7680
7685 6642
7686 115
7687 56
7688 4737
7689 4531
7690 4077
7691 2218
7692 1339
7693 2182
7694 2060
7695 5271
7696 4696
7697 2600
7698 7398
7699 5056
7700 180
7701 1750
7702 6658
7703 3705
7704 5879
7705 2992
7706 4631
7707 127
7708 466
7709 737
7710 5888
7711 7331
7712 2404
7713 585
7714 4154
7715 4594
7716 3789
7717 2681
7718 1786
7719 3632
7720 2522
7721 5653
7722 1212
7723 2876
7724 3261
7725 1095
7726 1449
7727 5226
7728 6386
7729 5795
7730 745
7731 3965
7732 7639
7733 1807
7734 4337
7735 7194
7736 2396
7737 120
7738 1921
7739 682
7740 2939
7741 7593
7742 41
7743 4438
7744 4515
7745 4672
7746 5266
7747 1091
7748 137
7749 4037
7750 5514
7751 1605
7752 1391
7753 2325
7754 1065
7755 5403
7756 6743
7757 12
7758 3323
7759 6538
7760 1820
7761 3116
7762 4795
7763 2627
7764 6733
7765 6604
7766 2665
7767 7092
7768 6568
7769 6288
7770 4232
7771 6628
7772 286
7773 5183
7774 1917
7775 979
7776 6097
7777 4285
7778 6784
7779 3745
7780 146
7781 2846
7782 7719
7783 4898
7784 2417
7785 4859
7786 7782
7787 1501
7788 6174
7789 6863
7790 1081
7791 5211
7792 4596
7793 1595
7794 7288
7795 5190
7796 6151
7797 4695
7798 7263
7799 5324
7800 2983
7801 3579
7802 5446
7803 2231
7804 5656
7805 5086
7806 3954
7807 4929
7808 5396
7809 6445
7810 91
7811 6631
7812 1800
7813 242
7814 6783
7815 6507
7816 646
7817 1559
7818 91
7819 7559
7820 1255
7821 6261
7822 481
7823 5981
7824 6776
7825 3209
7826 4986
7827 2823
7828 4396
7829 1401
7830 7231
7831 1168
7832 3671
7833 4046
7834 6066
7835 6912
7836 588
7837 3238
7838 5211
7839 3031
7840 2160
7841 6455
7842 5071
7843 2177
7844 512
7845 4659
7846 1334
7847 487
7848 7829
7849 2596
7850 4968
7851 744
7852 542
7853 6661
7854 1060
7855 4078
7856 2169
7857 6794
7858 1760
7859 6108
7860 7369
7861 6184
7862 3390
7863 7143
7864 3700
7865 4347
7866 4532
7867 5960
7868 4651
7869 2925
7870 4092
7871 2259
7872 16
7873 5183
7874 4312
7875 634
7876 5953
7877 204
7878 5541
7879 4841
7880 62
7881 6858
7882 2704
7883 6771
7884 2642
7885 988
7886 6522
7887 3457
7888 2181
7889 402
7890 3450
7891 7630
7892 6967
7893 6116
7894 4055
7895 6528
7896 1330
7897 6749
7898 2242
7899 2834
7900 663
7901 3712
7902 2890
7903 978
7904 5169
7905 4893
7906 2354
7907 5758
7908 2864
7909 7173
7910 2416
7911 6601
7912 6466
7913 5737
7914 1667
7915 6762
7916 1160
7917 5319
7918 6318
7919 3624
7920 218
7921 4071
7922 6392
7923 6206
7924 5455
7925 2123
7926 7042
7927 7155
7928 706
7929 1937
7930 5855
7931 2139
7932 1446
7933 6024
7934 6777
7935 541
7936 6676
7937 2921
7938 6805
7939 1064
7940 7553
7941 1227
7942 973
7943 4838
7944 6761
7945 1779
7946 3551
7947 2733
7948 4116
7949 2309
7950 2667
7951 2660
7952 5822
7953 5075
7954 3853
7955 3159
7956 6177
7957 5276
7958 3631
7959 7889
7960 3002
7961 3003
7962 4112
7963 6056
7964 5393
7965 7124
7966 5779
7967 1452
7968 4210
7969 4207
7970 6279
7971 2590
7972 897
7973 979
7974 7759
7975 1300
7976 7550
7977 3495
7978 7853
7979 1035
7980 7866
7981 7431
7982 4625
7983 3014
7984 3877
7985 5195
7986 1881
7987 799
7988 1849
7989 5943
7990 721
7991 5173
7992 6927
7993 1691
7994 2117
7995 88
7996 7619
7997 22
7998 465
7999 1962
8000 7904
8001 7261
8002 1481
8003 4075
8004 7575
8005 5959
8006 1384
8007 7840
8008 4696
8009 4289
8010 6082
8011 5740
8012 1389
8013 2860
8014 5036
8015 4987
8016 5482
8017 5887
8018 7870
8019 1855
8020 4895
8021 4657
8022 1539
8023 5277
8024 5502
8025 4599
8026 2056
8027 4824
8028 6171
8029 9
8030 6842
8031 1573
8032 3411
8033 2448
8034 4966
8035 3730
8036 6271
8037 7205
8038 694
8039 1838
8040 6391
8041 5126
8042 6031
8043 1172
8044 7097
8045 6872
8046 3299
8047 5740
8048 595
8049 1958
8050 2890
8051 4588
8052 808
8053 331
8054 2059
8055 7826
8056 5969
8057 1775
8058 214
8059 1173
8060 2577
8061 2965
8062 5693
8063 4126
8064 4850
8065 2014
8066 7380
8067 5954
8068 1576
8069 3725
8070 4738
8071 5376
8072 6221
8073 7900
8074 3788
8075 85
8076 1433
8077 949
8078 3069
8079 6134
8080 7021
8081 6816
8082 3423
8083 2330
8084 4181
8085 1470
8086 4665
8087 7945
8088 1799
8089 3451
8090 3487
8091 2607
8092 4566
8093 1608
8094 4899
8095 2680
8096 2767
8097 1013
8098 8017
8099 384
8100 7517
8101 468
8102 107
8103 2190
8104 5779
8105 5880
8106 2994
8107 7715
8108 6126
8109 7610
8110 4048
8111 5953
8112 3486
8113 3828
8114 5921
8115 3363
8116 6345
8117 7309
8118 1063
8119 669
8120 1678
8121 848
8122 3068
8123 517
8124 5121
8125 1849
8126 6170
8127 1141
8128 6149
8129 1690
8130 1684
8131 2951
8132 7757
8133 3930
8134 5350
8135 4676
8136 2531
8137 3907
8138 6306
8139 4394
8140 8104
8141 728
8142 7668
8143 706
8144 3192
8145 1633
8146 6776
8147 2936
8148 277
8149 857
8150 6329
8151 1270
8152 551
8153 1126
8154 6728
8155 6710
8156 5525
8157 5203
8158 5289
8159 5434
8160 3205
8161 4003
8162 3816
8163 200
8164 8145
8165 5727
8166 5690
8167 7775
8168 1759
8169 6171
8170 7856
8171 617
8172 1596
8173 5349
8174 6068
8175 228
8176 2877
8177 6038
8178 4857
8179 5141
8180 4606
8181 1946
8182 3920
8183 6825
8184 309
8185 354
8186 18
8187 7642
8188 7846
8189 6101
8190 5684
8191 8035
8192 3463
8193 1014
8194 1111
8195 356
8196 2150
8197 2389
8198 4162
8199 1406
8200 1139
8201 8084
8202 1817
8203 6770
8204 956
8205 8014
8206 2832
8207 4252
8208 5829
8209 2822
8210 5912
8211 3432
8212 2919
8213 3129
8214 6531
8215 5209
8216 3153
8217 5613
8218 4941
8219 282
8220 2015
8221 6456
8222 7025
8223 7755
8224 4992
8225 739
8226 4037
8227 1580
8228 3542
8229 2159
8230 5983
8231 2668
8232 7274
8233 2507
8234 7059
8235 4648
8236 7608
8237 6920
8238 4740
8239 639
8240 7573
8241 4990
8242 5027
8243 2169
8244 6159
8245 3062
8246 3783
8247 6825
8248 2796
8249 5722
8250 2582
8251 197
8252 7028
8253 5262
8254 7101
8255 1681
8256 1924
8257 890
8258 2733
8259 893
8260 1843
8261 4566
8262 1050
8263 6475
8264 52
8265 7080
8266 7511
8267 5113
8268 2565
8269 3957
8270 6679
8271 4445
8272 7647
8273 2713
8274 6310
8275 5367
8276 5829
8277 231
8278 5201
8279 2187
8280 4981
8281 4918
8282 1944
8283 3078
8284 5194
8285 5408
8286 7654
8287 6703
8288 4267
8289 6471
8290 4740
8291 2842
8292 570
8293 296
8294 7711
8295 6662
8296 5450
8297 5815
8298 3511
8299 2681
8300 5264
8301 5751
8302 4042
8303 285
8304 7788
8305 6587
8306 3955
8307 489
8308 4500
8309 4329
8310 7316
8311 1784
8312 5744
8313 140
8314 3961
8315 4408
8316 3896
8317 3638
8318 5617
8319 1462
8320 7889
8321 2301
8322 3019
8323 3
8324 2211
8325 259
8326 1868
8327 1815
8328 7172
8329 2206
8330 3574
8331 2350
8332 6869
8333 419
8334 3783
8335 8323
8336 2938
8337 8057
8338 2503
8339 6549
8340 5992
8341 3772
8342 7317
8343 2745
8344 4604
8345 1678
8346 360
8347 585
8348 6200
8349 1540
8350 2238
8351 6866
8352 2790
8353 863
8354 569
8355 1063
8356 2229
8357 1219
8358 1105
8359 6866
8360 997
8361 5510
8362 1815
8363 30
8364 7994
8365 8164
8366 2339
8367 57
8368 3158
8369 2400
8370 7551
8371 4813
8372 7289
8373 8201
8374 1402
8375 1289
8376 357
8377 3583
8378 7003
8379 7385
8380 1552
8381 7505
8382 7715
8383 1891
8384 346
8385 3431
8386 8155
8387 6224
8388 6427
8389 2952
8390 6672
8391 1226
8392 2939
8393 3509
8394 7209
8395 4702
8396 545
8397 352
8398 5807
8399 5664
8400 4257
8401 5679
8402 1424
8403 38
8404 2144
8405 242
8406 8283
8407 1532
8408 658
8409 3040
8410 4915
8411 4517
8412 4001
8413 5388
8414 2144
8415 93
8416 1337
8417 3560
8418 1248
8419 3812
8420 5250
8421 4522
8422 3464
8423 4064
8424 6400
8425 6420
8426 7507
8427 7447
8428 8169
8429 6735
8430 5888
8431 7887
8432 5569
8433 5463
8434 509
8435 6010
8436 7950
8437 7818
8438 7349
8439 342
8440 1392
8441 3199
8442 7225
8443 1807
8444 3303
8445 2661
8446 3850
8447 7070
8448 3760
8449 1888
8450 5206
8451 4123
8452 5699
8453 5294
8454 5937
8455 5734
8456 759
8457 2539
8458 7099
8459 3137
8460 2120
8461 5018
8462 1061
8463 6761
8464 818
8465 2794
8466 4996
8467 8458
8468 1309
8469 5613
8470 7256
8471 1894
8472 5199
8473 3656
8474 2568
8475 871
8476 4006
8477 5546
8478 2534
8479 4556
8480 4697
8481 5212
8482 5197
8483 5833
8484 2161
8485 1591
8486 7899
8487 1717
8488 6654
8489 8016
8490 6123
8491 591
8492 5682
8493 5333
8494 4258
8495 8126
8496 680
8497 58
8498 2365
8499 4511
8500 5375
8501 623
8502 6003
8503 6425
8504 2764
8505 1148
8506 7471
8507 6839
8508 6958
8509 6632
8510 7759
8511 924
8512 4301
8513 3497
8514 1207
8515 7078
8516 7922
8517 2652
8518 6961
8519 392
8520 6665
8521 3632
8522 6890
8523 5119
8524 3003
8525 2830
8526 6457
8527 5006
8528 4985
8529 5778
8530 2021
8531 7386
8532 5475
8533 2726
8534 5121
8535 6475
8536 641
8537 736
8538 3954
8539 6167
8540 715
8541 8105
8542 871
8543 7402
8544 5868
8545 4638
8546 3482
8547 954
8548 3908
8549 3023
8550 3808
8551 1520
8552 3424
8553 6576
8554 5065
8555 2866
8556 1614
8557 2245
8558 6112
8559 3403
8560 7281
8561 1076
8562 4794
8563 4031
8564 2190
8565 5878
8566 6809
8567 3689
8568 6365
8569 2965
8570 8090
8571 7050
8572 4106
8573 5744
8574 2131
8575 1082
8576 3989
8577 3717
8578 6714
8579 8505
8580 1395
8581 4920
8582 364
8583 385
8584 7229
8585 4532
8586 7956
8587 2207
8588 1690
8589 752
8590 8009
8591 4109
8592 5593
8593 1203
8594 5529
8595 5962
8596 7657
8597 3113
8598 853
8599 2188
8600 3137
8601 1186
8602 4698
8603 5844
8604 6607
8605 291
8606 2229
8607 5693
8608 3292
8609 5300
8610 673
8611 7700
8612 3861
8613 3114
8614 1545
8615 3956
8616 187
8617 6899
8618 1728
8619 7969
8620 4848
8621 2225
8622 5292
8623 1593
8624 5798
8625 4622
8626 2249
8627 7396
8628 2441
8629 3070
8630 5
8631 4340
8632 6847
8633 7224
8634 7952
8635 1162
8636 5589
8637 2484
8638 7694
8639 6829
8640 7269
8641 3034
8642 7734
8643 1999
8644 841
8645 6912
8646 2593
8647 2461
8648 8299
8649 190
8650 7246
8651 2478
8652 5278
8653 3134
8654 2226
8655 5048
8656 3995
8657 3076
8658 1124
8659 3654
8660 8146
8661 2925
8662 4233
8663 1017
8664 8032
8665 7429
8666 389
8667 3060
8668 6407
8669 5000
8670 5454
8671 732
8672 3543
8673 7116
8674 8191
8675 3691
8676 8192
8677 4028
8678 3019
8679 2192
8680 4178
8681 2697
8682 2461
8683 3744
8684 6922
8685 1093
8686 5073
8687 3744
8688 514
8689 6477
8690 4180
8691 820
8692 3651
8693 7035
8694 7249
8695 1119
8696 6472
8697 1580
8698 7050
8699 35
8700 8004
8701 2812
8702 275
8703 979
8704 7495
8705 1938
8706 1803
8707 3966
8708 4615
8709 4529
8710 5644
8711 6410
8712 3753
8713 3960
8714 1221
8715 2263
8716 2672
8717 3012
8718 4979
8719 5007
8720 7126
8721 2006
8722 8234
8723 1128
8724 24
8725 2035
8726 8688
8727 7681
8728 7368
8729 52
8730 1017
8731 1940
8732 7093
8733 136
8734 7091
8735 7689
8736 3948
8737 4966
8738 8647
8739 7189
8740 8622
8741 7925
8742 8382
8743 7904
8744 1945
8745 4615
8746 5522
8747 5003
8748 1576
8749 644
8750 2079
8751 3365
8752 3180
8753 2978
8754 4777
8755 2165
8756 8143
8757 7805
8758 3230
8759 5037
8760 8068
8761 1891
8762 7171
8763 7616
8764 3785
8765 1761
8766 4932
8767 4632
8768 4405
8769 193
8770 1115
8771 3375
8772 8359
8773 6409
8774 2911
8775 4485
8776 7060
8777 1316
8778 8521
8779 7372
8780 7414
8781 2932
8782 4703
8783 8069
8784 5609
8785 4467
8786 3925
8787 147
8788 3991
8789 7468
8790 18
8791 7385
8792 1359
8793 6166
8794 555
8795 6036
8796 6330
8797 2674
8798 6517
8799 3261
8800 763
8801 3900
8802 2989
8803 4423
8804 1661
8805 1073
8806 1676
8807 1642
8808 2414
8809 5349
8810 6610
8811 2705
8812 1771
8813 5548
8814 977
8815 5521
8816 2099
8817 6740
8818 776
8819 7702
8820 1165
8821 1972
8822 2323
8823 8398
8824 7458
8825 3582
8826 5229
8827 667
8828 3181
8829 1838
8830 112
8831 6281
8832 3192
8833 4918
8834 4682
8835 2902
8836 5792
8837 2149
8838 7746
8839 905
8840 6345
8841 2281
8842 493
8843 8331
8844 4691
8845 8802
8846 8324
8847 6421
8848 8350
8849 4373
8850 1063
8851 3625
8852 6452
8853 7274
8854 228
8855 4325
8856 618
8857 8118
8858 6586
8859 8083
8860 3264
8861 2835
8862 2361
8863 1928
8864 3021
8865 4799
8866 6826
8867 6489
8868 5841
8869 3217
8870 5638
8871 2822
8872 6076
8873 6501
8874 6941
8875 7720
8876 2431
8877 228
8878 868
8879 6255
8880 349
8881 2388
8882 8743
8883 8664
8884 3282
8885 5555
8886 4833
8887 3425
8888 3369
8889 2514
8890 6253
8891 587
8892 7558
8893 888
8894 555
8895 8784
8896 4602
8897 5747
8898 6077
8899 6859
8900 8656
8901 5121
8902 4465
8903 8224
8904 7489
8905 559
8906 5512
8907 3121
8908 2233
8909 3931
8910 5437
8911 5413
8912 2102
8913 7313
8914 8758
8915 2336
8916 6508
8917 4819
8918 5650
8919 3531
8920 851
8921 7702
8922 5641
8923 5168
8924 8110
8925 55
8926 8221
8927 4659
8928 8147
8929 746
8930 2555
8931 6031
8932 900
8933 5922
8934 4655
8935 2999
8936 585
8937 3557
8938 1411
8939 1009
8940 2148
8941 5573
8942 8053
8943 2174
8944 2962
8945 2713
8946 904
8947 8491
8948 8920
8949 1776
8950 2287
8951 8721
8952 4580
8953 3808
8954 2041
8955 4042
8956 6185
8957 7516
8958 3968
8959 2756
8960 7368
8961 3566
8962 5499
8963 3621
8964 3119
8965 1358
8966 7434
8967 1918
8968 3152
8969 5446
8970 1656
8971 7608
8972 2225
8973 3766
8974 6763
8975 40
8976 5827
8977 8123
8978 6721
8979 6673
8980 166
8981 6902
8982 1574
8983 496
8984 6775
8985 4008
8986 3496
8987 2746
8988 1233
8989 7254
8990 8572
8991 1861
8992 4357
8993 339
8994 8892
8995 4363
8996 5386
8997 3915
8998 8938
8999 1607
9000 2969
9001 483
9002 252
9003 6218
9004 3880
9005 5134
9006 484
9007 462
9008 1975
9009 3160
9010 8420
9011 8493
9012 3155
9013 7440
9014 3998
9015 1408
9016 5926
9017 717
9018 8700
9019 595
9020 3727
9021 4298
9022 5001
9023 991
9024 1888
9025 7925
9026 1966
9027 1033
9028 4479
9029 6663
9030 1582
9031 2520
9032 7698
9033 2082
9034 7846
9035 8361
9036 5333
9037 6888
9038 2044
9039 3986
9040 7959
9041 6004
9042 6311
9043 419
9044 283
9045 2324
9046 6533
9047 1094
9048 6490
9049 3717
9050 3119
9051 3043
9052 330
9053 1114
9054 4445
9055 1334
9056 7928
9057 1246
9058 1235
9059 844
9060 7925
9061 4371
9062 7131
9063 1928
9064 7548
9065 2824
9066 7608
9067 5683
9068 3930
9069 5239
9070 2060
9071 2653
9072 3470
9073 1882
9074 6368
9075 5845
9076 302
9077 5880
9078 5356
9079 518
9080 5040
9081 6201
9082 3620
9083 3383
9084 2451
9085 1409
9086 3953
9087 7613
9088 7639
9089 1288
9090 3667
9091 1677
9092 9090
9093 5026
9094 4343
9095 8563
9096 5540
9097 2081
9098 2829
9099 951
9100 4730
9101 5965
9102 8488
9103 7274
9104 498
9105 7557
9106 19
9107 2669
9108 2067
9109 2647
9110 4141
9111 2678
9112 3246
9113 5483
9114 4330
9115 7412
9116 2924
9117 1186
9118 7262
9119 4795
9120 7194
9121 7875
9122 2502
9123 8487
9124 8742
9125 8789
9126 5449
9127 1633
9128 1418
9129 114
9130 8902
9131 4281
9132 5750
9133 5251
9134 922
9135 8140
9136 7398
9137 4987
9138 51
9139 1621
9140 6262
9141 553
9142 13
9143 7613
9144 8809
9145 2484
9146 5935
9147 299
9148 1089
9149 1819
9150 249
9151 5425
9152 287
9153 6766
9154 1953
9155 3010
9156 8296
9157 3804
9158 2137
9159 2759
9160 4016
9161 8577
9162 1717
9163 7133
9164 2127
9165 4383
9166 3844
9167 408
9168 3863
9169 9088
9170 7236
9171 8493
9172 9167
9173 2406
9174 2674
9175 7730
9176 2767
9177 7424
9178 4732
9179 1803
9180 3060
9181 531
9182 436
9183 8514
9184 3262
9185 2740
9186 789
9187 2978
9188 6704
9189 3082
9190 732
9191 4562
9192 6100
9193 4164
9194 7119
9195 1419
9196 750
9197 4516
9198 2270
9199 2715
9200 4290
9201 7498
9202 5431
9203 6577
9204 2981
9205 2286
9206 4325
9207 1831
9208 3959
9209 8522
9210 3755
9211 5155
9212 8235
9213 5316
9214 3719
9215 6526
9216 1565
9217 2150
9218 7659
9219 1030
9220 6160
9221 1116
9222 1032
9223 2558
9224 4204
9225 27
9226 3222
9227 6086
9228 7266
9229 8199
9230 4280
9231 2223
9232 1504
9233 3731
9234 1135
9235 3797
9236 7884
9237 5862
9238 5241
9239 1914
9240 8310
9241 8552
9242 8628
9243 7680
9244 1461
9245 5500
9246 4009
9247 1623
9248 580
9249 1364
9250 8900
9251 7055
9252 4620
9253 6260
9254 7921
9255 5928
9256 7460
9257 5783
9258 8877
9259 5916
9260 4408
9261 2899
9262 1945
9263 7330
9264 4371
9265 2622
9266 882
9267 1147
9268 7782
9269 135
9270 2230
9271 1030
9272 5200
9273 3158
9274 1809
9275 6852
9276 2491
9277 4724
9278 6868
9279 9252
9280 3157
9281 6594
9282 2697
9283 7293
9284 2686
9285 5718
9286 2747
9287 4285
9288 6668
9289 3821
9290 7494
9291 5884
9292 1357
9293 5457
9294 6850
9295 1108
9296 2007
9297 7133
9298 7852
9299 8668
9300 8382
9301 8862
9302 818
9303 6908
9304 7107
9305 6550
9306 3623
9307 1171
9308 7601
9309 4079
9310 7363
9311 8423
9312 8845
9313 3720
9314 8021
9315 2139
9316 6994
9317 7886
9318 7220
9319 2233
9320 8139
9321 3436
9322 6863
9323 4785
9324 1821
9325 5255
9326 5740
9327 2709
9328 929
9329 9231
9330 744
9331 3616
9332 8098
9333 4505
9334 5034
9335 6850
9336 7132
9337 5920
9338 2949
9339 3545
9340 5539
9341 9208
9342 2327
9343 9052
9344 6427
9345 5985
9346 8026
9347 2164
9348 8732
9349 8208
9350 6417
9351 6047
9352 3426
9353 219
9354 2206
9355 720
9356 2405
9357 610
9358 8923
9359 8007
9360 2355
9361 5437
9362 5226
9363 1876
9364 1817
9365 5223
9366 5448
9367 2974
9368 5996
9369 926
9370 5902
9371 5636
9372 1176
9373 5379
9374 7961
9375 4696
9376 9238
9377 4750
9378 2836
9379 6096
9380 1371
9381 4902
9382 4414
9383 7869
9384 2118
9385 9289
9386 6956
9387 331
9388 8937
9389 5909
9390 1270
9391 5901
9392 5178
9393 2483
9394 2452
9395 4215
9396 864
9397 6855
9398 6830
9399 3099
9400 207
9401 3159
9402 2
9403 6037
9404 1050
9405 4911
9406 1191
9407 4864
9408 3884
9409 1234
9410 7894
9411 8239
9412 3164
9413 9046
9414 3000
9415 5380
9416 7033
9417 8495
9418 7097
9419 6252
9420 6247
9421 8947
9422 7010
9423 1383
9424 1221
9425 1632
9426 3331
9427 1180
9428 177
9429 5444
9430 7229
9431 2252
9432 9119
9433 1870
9434 3450
9435 1377
9436 5441
9437 7357
9438 3874
9439 9115
9440 2566
9441 7962
9442 9214
9443 6586
9444 860
9445 4012
9446 3977
9447 5646
9448 812
9449 7379
9450 5912
9451 2854
9452 7535
9453 7457
9454 5125
9455 5434
9456 1925
9457 5672
9458 6188
9459 2662
9460 4299
9461 3283
9462 4224
9463 8454
9464 7989
9465 2080
9466 1862
9467 8636
9468 3788
9469 1713
9470 2174
9471 11
9472 3739
9473 5949
9474 4721
9475 3656
9476 9339
9477 4236
9478 4987
9479 922
9480 4940
9481 3658
9482 2896
9483 8578
9484 63
9485 2628
9486 7169
9487 5950
9488 2478
9489 4300
9490 6235
9491 3683
9492 6001
9493 2505
9494 8902
9495 1623
9496 2523
9497 887
9498 6087
9499 7721
9500 5842
9501 8200
9502 1037
9503 6926
9504 5029
9505 5366
9506 9342
9507 3666
9508 5165
9509 8465
9510 6098
9511 8600
9512 474
9513 8788
9514 8927
9515 8005
9516 5193
9517 8443
9518 7187
9519 2390
9520 3283
9521 7621
9522 3936
9523 4407
9524 7699
9525 4194
9526 9500
9527 6675
9528 9255
9529 5888
9530 8876
9531 5280
9532 886
9533 4530
9534 7214
9535 8123
9536 1452
9537 6731
9538 8532
9539 1406
9540 8063
9541 1154
9542 6238
9543 4256
9544 4078
9545 1449
9546 8524
9547 8814
9548 2866
9549 8439
9550 3107
9551 8387
9552 1304
9553 6402
9554 5172
9555 3294
9556 4282
9557 811
9558 5920
9559 8549
9560 3320
9561 4482
9562 7323
9563 1332
9564 1233
9565 4901
9566 1041
9567 8932
9568 4202
9569 1363
9570 3151
9571 2031
9572 8538
9573 2760
9574 3010
9575 5653
9576 9557
9577 8749
9578 529
9579 3633
9580 8545
9581 8312
9582 4084
9583 878
9584 2346
9585 5895
9586 4084
9587 3667
9588 9063
9589 2148
9590 7932
9591 4106
9592 856
9593 1803
9594 2220
9595 7796
9596 6846
9597 5443
9598 5269
9599 413
9600 4067
9601 7901
9602 2578
9603 4995
9604 3615
9605 2628
9606 1090
9607 6612
9608 1284
9609 81
9610 6451
9611 7908
9612 6976
9613 7273
9614 4117
9615 4266
9616 8863
9617 2451
9618 5737
9619 4825
9620 3338
9621 5440
9622 4494
9623 5171
9624 3876
9625 1845
9626 882
9627 2332
9628 1942
9629 7050
9630 4164
9631 5773
9632 877
9633 7580
9634 563
9635 8814
9636 7805
9637 4885
9638 7830
9639 6366
9640 2416
9641 9286
9642 5781
9643 4465
9644 6008
9645 7914
9646 2344
9647 8591
9648 7466
9649 879
9650 4937
9651 2918
9652 3975
9653 5115
9654 2737
9655 3811
9656 4845
9657 2377
9658 9642
9659 5179
9660 1852
9661 4965
9662 2917
9663 7325
9664 7061
9665 3035
9666 4105
9667 3482
9668 399
9669 5860
9670 3483
9671 9343
9672 1592
9673 4933
9674 1216
9675 5916
9676 6261
9677 1397
9678 9255
9679 9406
9680 2096
9681 4623
9682 4904
9683 4036
9684 5349
9685 1906
9686 4311
9687 294
9688 4702
9689 5267
9690 4485
9691 6649
9692 1933
9693 1872
9694 4335
9695 8328
9696 3622
9697 901
9698 74
9699 2712
9700 3250
9701 2581
9702 5345
9703 6609
9704 6237
9705 7013
9706 3588
9707 6679
9708 8519
9709 4100
9710 5313
9711 4409
9712 3585
9713 8942
9714 3546
9715 1445
9716 7420
9717 2767
9718 2902
9719 1778
9720 651
9721 6639
9722 3396
9723 3381
9724 5237
9725 6114
9726 1616
9727 6111
9728 3621
9729 4346
9730 3684
9731 2140
9732 9300
9733 9263
9734 1727
9735 776
9736 7200
9737 8390
9738 9268
9739 1399
9740 1089
9741 7671
9742 5194
9743 2886
9744 110
9745 4730
9746 5630
9747 7020
9748 2432
9749 8103
9750 6584
9751 3288
9752 8281
9753 9334
9754 4913
9755 9662
9756 7027
9757 9649
9758 2918
9759 5571
9760 9277
9761 3661
9762 6938
9763 8407
9764 1962
9765 404
9766 8836
9767 8956
9768 2862
9769 4628
9770 5225
9771 5337
9772 7498
9773 2318
9774 412
9775 8642
9776 5507
9777 7602
9778 1498
9779 3070
9780 6769
9781 224
9782 8843
9783 2036
9784 8341
9785 9290
9786 8823
9787 1232
9788 5268
9789 3300
9790 591
9791 7729
9792 4974
9793 5610
9794 5456
9795 6087
9796 6489
9797 809
9798 7033
9799 5039
9800 6288
9801 1610
9802 9128
9803 1161
9804 1938
9805 5679
9806 7870
9807 2102
9808 748
9809 4465
9810 4454
9811 3418
9812 6294
9813 4696
9814 6092
9815 82
9816 1666
9817 3316
9818 6883
9819 8653
9820 7958
9821 9468
9822 9029
9823 1763
9824 5693
9825 8134
9826 3408
9827 1974
9828 6573
9829 6756
9830 4840
9831 961
9832 3433
9833 1639
9834 516
9835 6698
9836 8804
9837 5239
9838 5976
9839 9710
9840 9486
9841 9263
9842 7842
9843 2774
9844 3524
9845 6934
9846 3432
9847 4853
9848 6636
9849 8712
9850 8036
9851 7165
9852 8906
9853 7313
9854 6693
9855 7762
9856 6799
9857 9781
9858 5524
9859 1687
9860 8689
9861 9102
9862 4865
9863 2345
9864 3537
9865 8168
9866 8682
9867 2318
9868 7404
9869 8392
9870 161
9871 7552
9872 6507
9873 9494
9874 92
9875 8446
9876 8070
9877 7209
9878 9629
9879 4001
9880 1337
9881 5258
9882 7639
9883 3671
9884 1714
9885 7074
9886 580
9887 7406
9888 2225
9889 2774
9890 9688
9891 9631
9892 5177
9893 5825
9894 2117
9895 9519
9896 2948
9897 3099
9898 2225
9899 7483
9900 1202
9901 3450
9902 1327
9903 5890
9904 824
9905 628
9906 1129
9907 2032
9908 5490
9909 541
9910 3797
9911 1745
9912 3731
9913 4901
9914 1700
9915 2813
9916 7103
9917 2705
9918 6889
9919 7385
9920 9161
9921 9310
9922 7745
9923 2771
9924 8723
9925 3769
9926 2596
9927 9304
9928 2500
9929 6134
9930 5015
9931 2327
9932 2129
9933 7758
9934 1770
9935 2033
9936 6286
9937 8491
9938 8402
9939 5980
9940 9115
9941 1094
9942 1364
9943 8172
9944 9399
9945 192
9946 2615
9947 1390
9948 5764
9949 5133
9950 1596
9951 2190
9952 3599
9953 2326
9954 1300
9955 7611
9956 4865
9957 7765
9958 3385
9959 7853
9960 1305
9961 8000
9962 6841
9963 8366
9964 1229
9965 5573
9966 2161
9967 9619
9968 68
9969 2042
9970 1618
9971 1246
9972 8869
9973 1361
9974 6454
9975 7731
9976 3902
9977 5152
9978 2607
9979 5264
9980 6903
9981 5468
9982 9868
9983 8317
9984 48
9985 4934
9986 5894
9987 1539
9988 3715
9989 6200
9990 1587
9991 2488
9992 1435
9993 2372
9994 4223
9995 2375
9996 2180
9997 7860
9998 8820
9999 3087
10000 6322
