199
199
199
177
79
199
171
150
24
171
193
11
26
199
79
199
17
177
61
2
0
0
148
0
171
0
199
2
178
0
199
177
193
0
199
1
193
24
199
0
79
0
150
150
193
0
80
0
199
0
60
80
150
199
150
9
61
177
193
61
2
177
193
26
80
0
2
51
177
199
199
150
26
199
171
150
177
193
199
150
150
0
199
79
150
5
148
0
177
26
150
177
193
199
171
193
171
0
193
171
11
199
199
0
15
36
80
199
171
171
199
3
150
199
193
177
0
26
171
171
199
3
193
17
199
177
3
0
199
3
199
150
199
171
61
51
150
199
199
0
177
80
199
150
0
61
199
177
193
177
0
177
0
177
61
0
171
193
193
199
61
199
3
150
150
177
193
199
60
79
150
199
171
150
177
199
9
199
199
199
79
177
150
80
177
177
150
177
150
177
199
177
199
20
80
193
0
79
171
150
