1

42 4 1 U
68 6 8 C
35 4 11 C
1 2 17 C
70 9 23 R
25 5 28 C
79 8 34 R
59 9 42 E
63 9 44 E
65 9 50 E
6 1 50 E
46 4 51 C
82 2 58 R
28 7 66 U
28 2 72 R
62 4 78 C
92 1 79 R
96 4 88 U
43 3 97 U
37 9 100 I
5 9 104 I
3 8 113 R
25 6 114 U
54 2 119 I
93 9 120 I
83 1 121 R
22 2 123 U
17 8 132 U
19 5 141 C
1 3 146 I
48 3 152 I
37 3 159 I
27 9 159 I
72 1 168 U
39 3 171 C
13 2 171 R
100 7 175 R
48 7 180 U
36 6 189 R
95 8 194 E
72 7 194 E
22 1 203 C
48 6 205 R
4 7 206 R
12 3 210 R
48 8 213 C
5 2 220 R
82 9 221 C
23 8 230 U
34 1 230 C
3 6 234 R
74 4 236 I
27 8 236 U
69 6 244 E
45 2 250 E
95 8 256 E
96 2 265 C
6 7 267 C
58 6 272 E
38 1 272 E
60 7 275 E
24 2 275 R
43 7 279 C
37 2 280 I
30 3 283 I
43 3 286 E
91 9 289 I
89 7 297 U
36 9 306 U
7 1 312 E
95 8 316 R
5 3 316 U
13 8 322 C
59 6 326 C
72 9 327 C
41 4 332 U
49 3 338 U
47 5 340 I
22 7 343 C
71 1 348 U
51 2 356 I
2 1 362 E
36 3 366 I
94 5 372 R
85 5 374 U
49 6 383 U
55 2 383 I
57 9 387 I
59 3 389 R
30 3 397 C
55 8 405 E
67 4 409 R
55 4 414 I
96 3 421 U
77 5 421 I
32 1 423 R
83 3 432 E
1 2 438 U
9 6 440 I
13 9 443 R
85 4 451 R
74 6 457 U
34 7 457 E
40 6 459 R
13 2 462 C
12 8 467 C
69 7 469 U
16 5 469 C
31 5 477 U
36 4 484 C
38 8 493 E
71 6 501 R
92 6 501 C
39 9 502 R
51 5 507 U
60 2 512 E
71 4 515 E
23 5 524 U
78 2 524 I
19 6 525 E
87 9 534 E
73 4 541 U
19 6 547 R
36 7 553 I
98 8 555 U
91 2 559 E
41 3 560 R
56 2 566 C
74 5 575 R
75 3 580 U
55 1 580 I
53 5 589 I
43 5 593 E
54 9 599 E
17 2 606 E
8 2 610 C
30 8 619 E
67 8 623 U
22 6 629 E
88 6 634 R
43 2 638 E
84 8 643 E
32 8 651 E
