22 2 546
13 2 784
68 1 8
35 1 11
1 1 17
25 1 28
46 1 51
62 1 78
19 1 141
39 1 171
48 1 213
82 1 221
34 1 230
96 1 265
6 1 267
43 1 279
59 1 326
72 1 327
30 1 417
12 1 467
16 1 469
36 1 484
92 1 501
56 1 566
8 1 610
2 0 0
3 0 0
4 0 0
5 0 0
7 0 0
9 0 0
17 0 0
23 0 0
24 0 0
27 0 0
28 0 0
31 0 0
32 0 0
37 0 0
38 0 0
40 0 0
41 0 0
42 0 0
45 0 0
47 0 0
49 0 0
51 0 0
53 0 0
54 0 0
55 0 0
57 0 0
58 0 0
60 0 0
63 0 0
65 0 0
67 0 0
69 0 0
70 0 0
71 0 0
73 0 0
74 0 0
75 0 0
77 0 0
78 0 0
79 0 0
83 0 0
84 0 0
85 0 0
87 0 0
88 0 0
89 0 0
91 0 0
93 0 0
94 0 0
95 0 0
98 0 0
100 0 0
